#RPLIDAR SCAN DATA
#COUNT=598
#Angule	Distance	Quality
352.4799 2700.0 188
352.7655 2756.0 188
353.1061 2820.0 188
353.4357 2896.0 188
353.7653 2928.0 188
354.1058 2956.0 188
354.4354 3016.0 188
354.7156 3120.0 188
355.0452 3260.0 188
355.3857 3332.0 188
355.7153 3324.0 188
356.0449 3256.0 188
356.3855 3196.0 188
356.7151 3180.0 188
357.0447 3128.0 188
357.4347 3072.0 188
357.7808 3056.0 188
358.1049 3064.0 188
358.3905 3092.0 188
358.7146 3132.0 188
359.0607 3160.0 188
359.3903 3172.0 188
359.7144 3196.0 188
0.0604 3196.0 188
0.3900 3192.0 188
0.7306 3192.0 188
1.0602 3196.0 188
1.3898 3208.0 188
1.7303 3220.0 188
2.0599 3240.0 188
2.3895 3240.0 188
2.7301 3244.0 188
3.0597 3244.0 188
3.4058 3240.0 188
3.7299 3244.0 188
4.0594 3240.0 188
4.4055 3232.0 188
4.7296 3232.0 188
5.0592 3224.0 188
5.4053 3228.0 188
5.7294 3216.0 188
6.0754 3196.0 188
6.4050 3196.0 188
6.7291 3200.0 188
7.0752 3188.0 188
7.4048 3180.0 188
7.7344 3196.0 188
8.0750 3188.0 188
8.4045 3196.0 188
8.7451 3216.0 188
9.0747 3220.0 188
9.4043 3228.0 188
9.7449 3228.0 188
10.0745 3240.0 188
10.4041 3252.0 188
10.7446 3240.0 188
11.0742 3236.0 188
11.4203 3248.0 188
11.7499 3264.0 188
12.0740 3280.0 188
12.4200 3292.0 188
12.7496 3312.0 188
13.0737 3332.0 188
13.3594 3824.0 188
13.6395 4492.0 188
13.9636 4532.0 188
14.3591 3612.0 188
14.6997 3564.0 188
15.0293 3520.0 188
15.3699 3516.0 188
15.7489 3476.0 188
16.0895 3460.0 188
16.4191 3468.0 188
16.7651 3444.0 188
17.0892 3432.0 188
17.4188 3420.0 188
17.7649 3408.0 188
18.0890 3396.0 188
18.4186 3388.0 188
18.7646 3384.0 188
19.0887 3380.0 188
19.4348 3384.0 188
19.7644 3380.0 188
20.0885 3388.0 188
20.4346 3400.0 188
20.7642 3404.0 188
21.1047 3420.0 188
21.4343 3432.0 188
21.7639 3440.0 188
22.1045 3452.0 188
22.4341 3476.0 188
22.7637 3500.0 188
23.0438 3532.0 188
23.3899 3580.0 188
23.7140 3648.0 188
24.0436 3680.0 188
24.3896 3672.0 188
24.7137 3664.0 188
25.0598 3660.0 188
25.3894 3676.0 188
25.7135 3680.0 188
26.0596 3676.0 188
26.3892 3676.0 188
26.7188 3680.0 188
27.0593 3672.0 188
27.3889 3652.0 188
27.7295 3644.0 188
28.0591 3640.0 188
28.3887 3628.0 188
28.7292 3616.0 188
29.0588 3608.0 188
29.4049 3604.0 188
29.7290 3608.0 188
30.0586 3604.0 188
30.4047 3600.0 188
30.7343 3596.0 188
31.0583 3596.0 188
31.4044 3616.0 188
31.7340 3624.0 188
32.0746 3616.0 188
32.4042 3624.0 188
32.7338 3632.0 188
33.0743 3640.0 188
33.4039 3640.0 188
33.7500 3636.0 188
34.0741 3632.0 188
34.4037 3640.0 188
34.7498 3656.0 188
35.0739 3660.0 188
35.4034 3656.0 188
35.7495 3672.0 188
36.0736 3708.0 188
36.4197 3732.0 188
36.7493 3756.0 188
37.0734 3780.0 188
37.4194 3808.0 188
37.7490 3820.0 188
38.0896 3824.0 188
38.4192 3836.0 188
38.7488 3848.0 188
39.0894 3852.0 188
39.4189 3840.0 188
39.7485 3840.0 188
40.0891 3856.0 188
40.4187 3860.0 188
40.7648 3872.0 188
41.0889 3884.0 188
41.4185 3880.0 188
41.7645 3896.0 188
42.0886 3916.0 188
42.4347 3912.0 188
42.7643 3916.0 188
43.0884 3920.0 188
43.4344 3936.0 188
43.7640 3944.0 188
44.0936 3944.0 188
44.4342 3960.0 188
44.7638 3968.0 188
45.1044 3984.0 188
45.4340 4020.0 188
45.7635 4052.0 188
46.1041 4080.0 188
46.3898 4112.0 188
46.7139 4152.0 188
47.0435 4176.0 188
47.3895 4192.0 188
47.7136 4208.0 188
48.0597 4248.0 188
48.3893 4288.0 188
48.7134 4296.0 188
49.0594 4312.0 188
49.3890 4336.0 188
49.7186 4384.0 188
50.0592 4432.0 188
50.3888 4448.0 188
50.7294 4512.0 188
51.0590 4560.0 188
51.3885 4568.0 188
51.7291 4528.0 188
52.0587 4488.0 188
52.4048 4504.0 188
52.7344 4520.0 188
53.0750 4536.0 188
53.4045 4536.0 188
53.7451 4552.0 188
54.0747 4584.0 188
54.4208 4616.0 188
54.7449 4624.0 188
55.0909 4648.0 188
55.4205 4704.0 188
55.7611 4736.0 188
56.0907 4728.0 188
56.4368 4744.0 188
56.7609 4744.0 188
57.1069 4768.0 188
57.4365 4792.0 188
57.7771 4808.0 188
58.1067 4840.0 188
58.4528 4864.0 188
58.7769 4888.0 188
59.0625 4936.0 188
59.4031 5000.0 188
59.7327 5048.0 188
60.0732 5080.0 188
60.4028 5200.0 188
60.7489 5296.0 188
61.0730 5304.0 188
61.4191 5360.0 188
61.6827 6984.0 188
62.0288 6984.0 188
62.3584 7368.0 188
62.6990 7448.0 188
63.0286 7816.0 188
63.3746 7880.0 188
63.6987 7968.0 188
64.0448 8008.0 188
64.3744 8088.0 188
64.7150 8096.0 188
65.0446 8048.0 188
65.3906 8016.0 188
65.7147 8016.0 188
66.0608 8048.0 188
66.3904 8096.0 188
66.7310 8128.0 188
67.0111 8224.0 188
67.3407 8368.0 188
67.6868 8456.0 188
68.0109 8424.0 188
68.3569 8376.0 188
68.6865 8456.0 188
69.0271 8552.0 188
69.3567 8672.0 188
69.7028 8664.0 188
70.0269 8584.0 188
70.3729 8544.0 188
70.7025 8512.0 188
71.0431 8512.0 188
71.3727 8640.0 188
71.7188 8776.0 188
72.0428 8784.0 188
72.3889 8816.0 188
72.7185 8840.0 188
73.0426 8776.0 188
73.3887 8832.0 188
73.7183 8928.0 188
74.0588 8872.0 188
74.3884 8864.0 188
74.7290 8888.0 188
75.0586 8848.0 188
75.4047 8888.0 188
75.7343 8968.0 188
76.0748 9048.0 188
76.4044 9088.0 188
76.7450 9152.0 188
77.0746 9312.0 188
77.4207 9360.0 188
77.7448 9296.0 188
78.0908 9248.0 188
78.4204 9280.0 188
78.7610 9408.0 188
79.0906 8792.0 188
79.4366 8688.0 188
79.7607 8248.0 188
80.1068 8232.0 188
80.4364 8232.0 188
80.7770 8256.0 188
81.1066 8232.0 188
81.4966 8064.0 188
81.8427 7968.0 188
82.1667 7936.0 188
82.5128 7808.0 188
82.8424 7728.0 188
83.1830 7744.0 188
83.5126 7752.0 188
83.8586 7872.0 188
84.1827 7968.0 188
84.5123 7952.0 188
84.8584 7984.0 188
85.1825 7904.0 188
85.5286 7984.0 188
85.8582 8176.0 188
86.1383 8248.0 188
86.4679 8304.0 188
86.8085 8280.0 188
87.1381 8280.0 188
87.4677 8288.0 188
87.8082 8240.0 188
88.1378 8240.0 188
88.4839 8216.0 188
88.8080 8224.0 188
89.1376 8272.0 188
89.5276 8192.0 188
89.8737 8016.0 188
90.1978 7856.0 188
90.5438 7864.0 188
90.8734 7928.0 188
91.2030 7952.0 188
91.5436 7976.0 188
91.8732 7864.0 188
92.2137 7776.0 188
92.5433 7856.0 188
92.8729 8048.0 188
93.1531 9200.0 188
93.4991 9296.0 188
93.8232 9368.0 188
94.1528 9288.0 188
94.4989 9232.0 188
94.8230 9248.0 188
95.1691 9160.0 188
95.4987 9112.0 188
95.8228 9264.0 188
96.1688 9584.0 188
96.4984 9616.0 188
96.8390 9536.0 188
97.1686 9464.0 188
97.4982 9464.0 188
97.8387 9424.0 188
98.1683 9480.0 188
98.4979 9520.0 188
98.8385 9488.0 188
99.1681 9440.0 188
99.5142 9384.0 188
99.8438 9472.0 188
100.1678 9560.0 188
100.5139 9600.0 188
101.5137 9624.0 188
102.5134 10824.0 188
103.4637 13024.0 188
103.7933 13520.0 188
104.1394 13440.0 188
104.4635 13352.0 188
104.7931 13424.0 188
105.4688 13360.0 188
108.4790 13232.0 188
110.1544 13256.0 188
110.4840 13152.0 188
111.1542 13200.0 188
111.4838 13304.0 188
111.8243 13352.0 188
112.1539 13472.0 188
112.5000 13592.0 188
112.8241 13712.0 188
113.4998 13280.0 188
114.4995 13944.0 188
114.8236 13872.0 188
115.4993 13800.0 188
116.4990 13712.0 188
117.4988 13712.0 188
177.5885 9288.0 188
180.2472 9168.0 188
180.5933 9016.0 188
180.9174 8992.0 188
181.5930 8672.0 188
181.9171 8664.0 188
182.2632 8776.0 188
182.5928 8920.0 188
185.6525 6616.0 188
185.9821 6560.0 188
186.3281 6512.0 188
186.6522 6440.0 188
187.0422 6128.0 188
187.3718 6080.0 188
187.7179 6040.0 188
188.7177 6056.0 188
189.0417 5496.0 188
189.3878 5072.0 188
189.7174 4952.0 188
190.1074 4640.0 188
190.4370 4536.0 188
190.7776 4360.0 188
191.1072 4200.0 188
191.4972 4000.0 188
191.8433 3676.0 188
192.1674 3656.0 188
192.4969 3628.0 188
192.8430 3588.0 188
193.1671 3540.0 188
193.5571 3196.0 188
193.8867 3148.0 188
194.2328 3100.0 188
194.5624 3124.0 188
194.8865 3156.0 188
195.2325 3112.0 188
195.6226 3028.0 188
195.9521 2956.0 188
196.2927 2876.0 188
196.6223 2796.0 188
197.0123 2728.0 188
197.3419 2648.0 188
197.6825 2564.0 188
198.0121 2508.0 188
198.3417 2460.0 188
198.7317 2404.0 188
199.0778 2348.0 188
199.4019 2284.0 188
199.7919 2220.0 188
200.1215 2172.0 188
200.4675 2128.0 188
200.7916 2074.0 188
201.1871 2026.0 188
201.5277 1974.0 188
201.8573 1926.0 188
202.1869 1894.0 188
202.5769 1856.0 188
202.9175 1818.0 188
203.2471 1780.0 188
203.6371 1748.0 188
203.9667 1728.0 188
204.3073 1696.0 188
204.6368 1662.0 188
205.0269 1628.0 188
205.3564 1604.0 188
205.7025 1580.0 188
206.0266 1552.0 188
206.4166 1526.0 188
206.7462 1494.0 188
207.0923 1472.0 188
207.4219 1448.0 188
207.8119 1422.0 188
208.1525 1400.0 188
208.4821 1382.0 188
208.8721 1364.0 188
209.2017 1346.0 188
209.5422 1330.0 188
209.8718 1310.0 188
210.2618 1294.0 188
210.5914 1276.0 188
210.9375 1266.0 188
211.2616 1258.0 188
211.5912 1252.0 188
297.7020 628.0 188
298.0426 628.0 188
298.3722 626.0 188
298.7183 626.0 188
299.0424 624.0 188
299.3884 624.0 188
299.7180 622.0 188
300.0421 622.0 188
300.3882 620.0 188
300.7178 620.0 188
301.0583 620.0 188
301.3879 620.0 188
301.7175 620.0 188
302.0581 620.0 188
302.3877 622.0 188
302.7338 626.0 188
303.0579 628.0 188
303.4039 628.0 188
303.7335 630.0 188
304.0137 634.0 188
304.3433 636.0 188
304.6838 638.0 188
305.0134 640.0 188
305.3540 642.0 188
305.6836 646.0 188
305.9637 648.0 188
306.2933 650.0 188
306.6394 654.0 188
306.9635 658.0 188
307.3096 660.0 188
307.6392 662.0 188
307.9193 666.0 188
308.2489 668.0 188
308.5895 672.0 188
308.9191 676.0 188
309.2651 680.0 188
309.5892 682.0 188
309.8749 684.0 188
310.1990 690.0 188
310.5450 694.0 188
310.8746 696.0 188
311.1987 698.0 188
311.5448 702.0 188
311.8250 706.0 188
312.1545 708.0 188
312.4841 710.0 188
312.8247 714.0 188
313.1543 718.0 188
313.4949 722.0 188
313.7640 724.0 188
314.1046 728.0 188
314.4342 732.0 188
314.7803 736.0 188
315.1044 738.0 188
315.4340 742.0 188
315.7141 748.0 188
316.0602 750.0 188
316.3898 754.0 188
316.7139 758.0 188
317.0599 762.0 188
317.3895 766.0 188
317.6697 770.0 188
317.9993 774.0 188
318.3398 778.0 188
318.6694 782.0 188
319.0155 786.0 188
319.3396 790.0 188
319.6692 792.0 188
319.9493 796.0 188
320.2954 800.0 188
320.6250 804.0 188
320.9491 808.0 188
321.2952 814.0 188
321.5753 820.0 188
321.9049 822.0 188
322.2290 826.0 188
322.5751 832.0 188
322.9047 838.0 188
323.2452 842.0 188
323.5144 848.0 188
323.8550 854.0 188
324.1846 858.0 188
324.5306 862.0 188
324.8547 868.0 188
325.1843 874.0 188
325.4645 882.0 188
325.8105 886.0 188
326.1401 890.0 188
326.4642 898.0 188
326.8103 906.0 188
327.0905 912.0 188
327.4200 918.0 188
327.7496 922.0 188
328.0902 930.0 188
328.4198 936.0 188
328.7604 942.0 188
329.0295 950.0 188
329.3701 954.0 188
329.6997 962.0 188
330.0458 972.0 188
330.3699 982.0 188
330.6555 990.0 188
330.9796 998.0 188
331.3257 1006.0 188
331.6553 1016.0 188
331.9794 1022.0 188
332.2650 1032.0 188
332.6056 1040.0 188
332.9352 1050.0 188
333.2648 1064.0 188
333.5449 1076.0 188
333.8855 1084.0 188
334.2151 1094.0 188
334.5447 1108.0 188
334.8248 1118.0 188
335.1709 1128.0 188
335.4950 1140.0 188
335.8246 1152.0 188
336.1707 1160.0 188
336.4508 1174.0 188
336.7804 1188.0 188
337.1045 1204.0 188
337.4506 1216.0 188
337.7307 1230.0 188
338.0603 1244.0 188
338.3899 1256.0 188
338.7305 1274.0 188
339.0601 1290.0 188
339.3402 1308.0 188
339.6698 1324.0 188
340.0104 1340.0 188
340.3400 1356.0 188
340.6201 1378.0 188
340.9497 1404.0 188
341.2958 1434.0 188
341.5759 1468.0 188
341.9055 1484.0 188
342.2296 1494.0 188
342.5757 1502.0 188
342.9053 1510.0 188
343.2458 1520.0 188
343.5754 1536.0 188
343.8556 1558.0 188
344.1852 1582.0 188
344.5148 1612.0 188
344.8553 1638.0 188
345.1355 1658.0 188
345.4651 1680.0 188
345.7947 1706.0 188
346.1353 1736.0 188
346.4209 1770.0 188
346.7450 1804.0 188
347.0746 1838.0 188
347.4207 1876.0 188
347.7008 1912.0 188
348.0304 1950.0 188
348.3545 1990.0 188
348.7006 2036.0 188
348.9807 2088.0 188
349.3103 2136.0 188
349.6399 2176.0 188
349.9805 2216.0 188
350.2496 2264.0 188
350.5902 2316.0 188
350.9198 2360.0 188
351.2604 2412.0 188
351.5295 2496.0 188
351.8701 2568.0 188
