#RPLIDAR SCAN DATA
#COUNT=600
#Angule	Distance	Quality
352.2656 2688.0 188
352.5458 2764.0 188
352.8699 2848.0 188
353.2159 2912.0 188
353.5455 2964.0 188
353.8696 3040.0 188
354.1553 3116.0 188
354.4958 3176.0 188
354.8254 3252.0 188
355.1550 3352.0 188
355.4956 3412.0 188
355.8252 3408.0 188
356.1713 3372.0 188
356.4954 3344.0 188
356.8414 3336.0 188
357.1710 3300.0 188
357.4951 3252.0 188
357.8412 3228.0 188
358.1708 3236.0 188
358.5114 3252.0 188
358.8409 3244.0 188
359.1705 3236.0 188
359.5111 3248.0 188
359.8407 3256.0 188
0.1868 3264.0 188
0.5109 3264.0 188
0.8405 3268.0 188
1.1865 3276.0 188
1.5106 3280.0 188
1.8567 3280.0 188
2.1863 3284.0 188
2.5269 3288.0 188
2.8564 3288.0 188
3.1860 3288.0 188
3.5266 3288.0 188
3.8562 3288.0 188
4.2023 3288.0 188
4.5264 3284.0 188
4.8560 3288.0 188
5.2020 3292.0 188
5.5261 3296.0 188
5.8722 3304.0 188
6.2018 3296.0 188
6.5424 3292.0 188
6.8719 3300.0 188
7.2015 3308.0 188
7.5421 3312.0 188
7.8717 3324.0 188
8.2178 3332.0 188
8.5419 3332.0 188
8.8715 3336.0 188
9.2175 3360.0 188
9.5416 3392.0 188
9.8877 3428.0 188
10.2173 3480.0 188
10.4370 4456.0 188
10.7776 4464.0 188
11.1072 4472.0 188
11.4478 4480.0 188
11.7773 4496.0 188
12.1069 4504.0 188
12.4530 4536.0 188
12.7771 4544.0 188
13.1232 4536.0 188
13.4528 4552.0 188
13.7933 4536.0 188
14.1229 4512.0 188
14.4525 4496.0 188
14.7931 4480.0 188
15.1227 4472.0 188
15.4688 4472.0 188
15.7928 4488.0 188
16.1224 4496.0 188
16.4685 4456.0 188
16.7926 4432.0 188
17.1387 4432.0 188
17.4683 4440.0 188
17.8088 4448.0 188
18.1384 4464.0 188
18.4680 4472.0 188
18.8086 4456.0 188
19.1382 4472.0 188
19.4843 4464.0 188
19.8083 4448.0 188
20.1379 4448.0 188
20.4840 4448.0 188
20.8081 4448.0 188
21.1542 4448.0 188
21.4838 4464.0 188
21.8243 4472.0 188
22.1539 4464.0 188
22.4835 4464.0 188
22.8241 4472.0 188
23.1537 4456.0 188
23.4998 4448.0 188
23.8239 4456.0 188
24.1699 4488.0 188
24.4995 4440.0 188
24.8401 4336.0 188
25.1697 4312.0 188
25.5103 4328.0 188
25.8398 4336.0 188
26.1694 4352.0 188
26.5155 4344.0 188
26.8396 4328.0 188
27.1857 4328.0 188
27.5153 4344.0 188
27.8558 4360.0 188
28.1854 4360.0 188
28.5260 4368.0 188
28.8556 4368.0 188
29.2017 4368.0 188
29.5313 4360.0 188
29.8718 4352.0 188
30.2014 4344.0 188
30.5310 4344.0 188
30.8716 4328.0 188
31.2012 4328.0 188
31.5417 4344.0 188
31.8713 4336.0 188
32.2174 4352.0 188
32.5415 4368.0 188
32.8876 4376.0 188
33.2172 4392.0 188
33.5577 4408.0 188
33.8873 4416.0 188
34.2169 4400.0 188
34.5575 4376.0 188
34.8871 4352.0 188
35.2332 4320.0 188
35.5573 4320.0 188
35.9033 4344.0 188
36.2329 4312.0 188
36.5735 4216.0 188
36.9031 4144.0 188
37.2491 4136.0 188
37.5732 4136.0 188
37.9193 4120.0 188
38.3093 4096.0 188
38.6389 4096.0 188
38.9191 4104.0 188
39.2487 4104.0 188
39.6387 4096.0 188
39.9188 4120.0 188
40.2649 4136.0 188
40.5890 4128.0 188
40.9351 4120.0 188
41.2646 4128.0 188
41.6052 4144.0 188
41.9348 4152.0 188
42.2644 4176.0 188
42.6050 4192.0 188
42.9346 4192.0 188
43.2806 4216.0 188
43.6047 4288.0 188
43.9508 4344.0 188
44.2804 4392.0 188
44.6210 4424.0 188
44.9506 4448.0 188
45.2966 4480.0 188
45.6207 4504.0 188
45.9503 4544.0 188
46.2964 4584.0 188
46.6205 4600.0 188
46.9666 4640.0 188
47.2961 4664.0 188
47.6367 4656.0 188
47.9663 4680.0 188
48.3124 4744.0 188
48.6365 4744.0 188
48.9825 4728.0 188
49.3121 4752.0 188
49.6527 4752.0 188
49.9823 4736.0 188
50.3119 4720.0 188
50.6525 4704.0 188
50.9821 4696.0 188
51.3281 4720.0 188
51.6522 4720.0 188
51.9983 4712.0 188
52.3279 4768.0 188
52.6685 4792.0 188
52.9980 4808.0 188
53.3386 4832.0 188
53.6682 4824.0 188
53.9978 4824.0 188
54.3384 4832.0 188
54.6680 4872.0 188
55.0140 4888.0 188
55.3436 4872.0 188
55.6842 4864.0 188
56.0138 4856.0 188
56.3544 4864.0 188
56.6840 4888.0 188
57.0300 4904.0 188
57.3102 4936.0 188
57.6398 4968.0 188
57.9803 4984.0 188
58.3099 5000.0 188
58.6560 5024.0 188
58.9801 5032.0 188
59.3262 5064.0 188
59.6558 5104.0 188
59.9963 5184.0 188
60.3259 5264.0 188
60.6665 5296.0 188
60.9961 5328.0 188
61.3422 5320.0 188
61.6223 7088.0 188
61.9519 7224.0 188
62.2925 7400.0 188
62.6221 7440.0 188
62.9681 7456.0 188
63.2922 7600.0 188
63.6383 7984.0 188
63.9679 7984.0 188
64.3085 8064.0 188
64.6381 8144.0 188
64.9841 8112.0 188
65.3082 8112.0 188
65.6543 8120.0 188
65.9839 8080.0 188
66.3245 8144.0 188
66.6046 8328.0 188
66.9342 8472.0 188
67.2803 8480.0 188
67.6044 8464.0 188
67.9504 8496.0 188
68.2800 8560.0 188
68.6206 8720.0 188
68.9502 8760.0 188
69.2963 8696.0 188
69.6204 8648.0 188
69.9664 8608.0 188
70.2960 8744.0 188
70.6366 8776.0 188
70.9662 8704.0 188
71.3123 8752.0 188
71.6364 8840.0 188
71.9824 8920.0 188
72.3120 9024.0 188
72.6526 8992.0 188
72.9822 8864.0 188
73.3228 8864.0 188
73.6523 8888.0 188
73.9984 8872.0 188
74.3280 8912.0 188
74.6686 8992.0 188
74.9982 8944.0 188
75.3387 8896.0 188
75.6683 9064.0 188
76.0144 9192.0 188
76.3385 9200.0 188
76.6846 9328.0 188
77.0142 9376.0 188
77.6843 9424.0 188
78.0304 9568.0 188
78.3545 9600.0 188
78.7006 9720.0 188
79.0302 9416.0 188
79.3707 8768.0 188
79.7607 8192.0 188
80.0464 8232.0 188
80.3705 8264.0 188
80.7166 8248.0 188
81.0461 8272.0 188
81.4362 8160.0 188
81.7767 8032.0 188
82.1063 8016.0 188
82.4524 7976.0 188
82.7765 7912.0 188
83.1226 7760.0 188
83.4521 7776.0 188
83.7927 7912.0 188
84.1223 7960.0 188
84.4684 7984.0 188
84.7925 7944.0 188
85.1385 7968.0 188
85.4681 8088.0 188
85.7483 8232.0 188
86.0889 8304.0 188
86.4185 8304.0 188
86.7645 8336.0 188
87.0886 8328.0 188
87.4347 8328.0 188
87.7643 8312.0 188
88.1049 8272.0 188
88.4344 8232.0 188
88.8245 8192.0 188
89.1541 8168.0 188
89.4342 8200.0 188
89.8242 8096.0 188
90.1703 7880.0 188
90.4999 7864.0 188
90.8405 7872.0 188
91.1700 7872.0 188
91.5106 7920.0 188
91.8402 7928.0 188
92.1863 7936.0 188
92.5104 7936.0 188
92.8564 8040.0 188
93.1201 9312.0 188
93.4662 9312.0 188
93.7958 9312.0 188
94.1364 9304.0 188
94.4659 9272.0 188
94.8120 9216.0 188
95.1361 9144.0 188
95.4822 9120.0 188
95.8118 9216.0 188
96.1523 9544.0 188
96.4819 9520.0 188
96.8115 9496.0 188
97.1521 9528.0 188
97.4817 9520.0 188
97.8278 9448.0 188
98.1519 9408.0 188
98.4979 9384.0 188
98.8275 9408.0 188
99.1681 9408.0 188
99.4977 9408.0 188
99.8438 9504.0 188
100.8435 9528.0 188
101.1676 10272.0 188
101.5137 10624.0 188
101.8433 10704.0 188
102.4640 13248.0 188
102.7936 13248.0 188
103.7933 13192.0 188
104.1394 13232.0 188
104.4635 13376.0 188
104.8096 13352.0 188
105.5292 12064.0 188
105.8698 12072.0 188
106.1993 12008.0 188
106.5454 11872.0 188
106.8750 11872.0 188
107.8857 12192.0 188
108.8855 12280.0 188
111.5112 13056.0 188
111.8408 13416.0 188
112.1869 13392.0 188
112.5110 13448.0 188
112.8571 13496.0 188
113.1866 13560.0 188
113.5272 13520.0 188
113.8568 13416.0 188
114.8730 13304.0 188
115.8728 13672.0 188
116.8726 13744.0 188
117.2186 13680.0 188
117.8888 13680.0 188
181.1206 8960.0 188
183.4662 8416.0 188
184.1364 8296.0 188
184.5264 6768.0 188
184.8560 6776.0 188
185.2020 6720.0 188
185.5261 6616.0 188
185.8722 6544.0 188
186.2018 6464.0 188
186.5424 6376.0 188
186.8719 6288.0 188
187.2015 6184.0 188
187.5916 6104.0 188
187.9321 6056.0 188
188.2617 6128.0 188
188.9374 5440.0 188
189.2780 5128.0 188
189.6075 5000.0 188
189.9976 4656.0 188
190.3271 4528.0 188
190.6677 4352.0 188
190.9973 4236.0 188
191.3873 4088.0 188
191.7334 3964.0 188
192.0575 3852.0 188
192.4036 3728.0 188
192.7332 3648.0 188
193.0573 3604.0 188
193.4033 3544.0 188
193.7933 3472.0 188
194.1229 3392.0 188
194.4635 3300.0 188
194.7931 3212.0 188
195.1392 3108.0 188
195.5292 3012.0 188
195.8588 2932.0 188
196.1829 2852.0 188
196.5289 2772.0 188
196.9189 2704.0 188
197.2485 2644.0 188
197.5891 2560.0 188
197.9187 2488.0 188
198.3087 2428.0 188
198.6548 2372.0 188
198.9844 2308.0 188
199.3085 2248.0 188
199.6985 2192.0 188
200.0446 2136.0 188
200.3741 2096.0 188
200.7642 2046.0 188
201.1047 2000.0 188
201.4343 1954.0 188
201.7804 1906.0 188
202.1704 1874.0 188
202.5000 1838.0 188
202.8241 1802.0 188
203.1702 1770.0 188
203.5602 1732.0 188
203.8898 1706.0 188
204.2303 1678.0 188
204.5599 1644.0 188
204.9500 1618.0 188
205.2960 1592.0 188
205.6201 1570.0 188
205.9497 1544.0 188
206.3397 1516.0 188
206.6858 1490.0 188
207.0154 1464.0 188
207.4054 1440.0 188
207.7460 1418.0 188
208.0756 1394.0 188
208.4216 1374.0 188
208.8116 1356.0 188
209.1357 1338.0 188
209.4653 1320.0 188
209.8114 1298.0 188
210.2014 1284.0 188
210.5310 1266.0 188
210.8716 1254.0 188
211.2012 1246.0 188
212.2009 1240.0 188
297.9053 626.0 188
298.2294 626.0 188
298.5754 626.0 188
298.9050 624.0 188
299.2291 624.0 188
299.5752 624.0 188
299.9048 624.0 188
300.2454 622.0 188
300.5750 622.0 188
300.9210 622.0 188
301.2451 622.0 188
301.5912 622.0 188
301.9208 622.0 188
302.2449 622.0 188
302.5909 626.0 188
302.9205 628.0 188
303.2611 630.0 188
303.5468 632.0 188
303.8708 634.0 188
304.2169 636.0 188
304.5465 638.0 188
304.8706 642.0 188
305.2167 644.0 188
305.5463 646.0 188
305.8264 648.0 188
306.1670 652.0 188
306.4966 656.0 188
306.8427 660.0 188
307.1667 660.0 188
307.4963 664.0 188
307.7765 668.0 188
308.1226 670.0 188
308.4521 672.0 188
308.7927 678.0 188
309.1223 682.0 188
309.4025 686.0 188
309.7321 690.0 188
310.0781 692.0 188
310.4022 694.0 188
310.7483 698.0 188
311.0779 700.0 188
311.4185 702.0 188
311.6986 706.0 188
312.0282 710.0 188
312.3578 712.0 188
312.6984 716.0 188
313.0280 720.0 188
313.3740 722.0 188
313.6542 726.0 188
313.9838 728.0 188
314.3243 732.0 188
314.6539 736.0 188
314.9835 740.0 188
315.3241 742.0 188
315.6042 746.0 188
315.9338 750.0 188
316.2799 754.0 188
316.6040 760.0 188
316.9501 764.0 188
317.2797 768.0 188
317.5598 772.0 188
317.8894 776.0 188
318.2300 782.0 188
318.5596 786.0 188
318.9056 788.0 188
319.2297 792.0 188
319.5154 794.0 188
319.8395 798.0 188
320.1855 804.0 188
320.5151 808.0 188
320.8557 812.0 188
321.1853 818.0 188
321.4655 822.0 188
321.8115 826.0 188
322.1356 832.0 188
322.4652 836.0 188
322.8113 840.0 188
323.1354 844.0 188
323.4210 848.0 188
323.7616 854.0 188
324.0912 860.0 188
324.4373 866.0 188
324.7614 872.0 188
325.0909 878.0 188
325.3711 884.0 188
325.7172 890.0 188
326.0468 896.0 188
326.3873 902.0 188
326.7169 908.0 188
326.9971 914.0 188
327.3267 920.0 188
327.6672 928.0 188
327.9968 936.0 188
328.3429 942.0 188
328.6230 948.0 188
328.9526 954.0 188
329.2932 960.0 188
329.6228 970.0 188
329.9524 978.0 188
330.2325 984.0 188
330.5731 994.0 188
330.9027 1004.0 188
331.2488 1014.0 188
331.5729 1024.0 188
331.8585 1032.0 188
332.1826 1040.0 188
332.5287 1050.0 188
332.8583 1060.0 188
333.1989 1068.0 188
333.4790 1078.0 188
333.8086 1088.0 188
334.1382 1098.0 188
334.4843 1110.0 188
334.7644 1122.0 188
335.0885 1134.0 188
335.4346 1144.0 188
335.7642 1154.0 188
336.1047 1166.0 188
336.3739 1178.0 188
336.7145 1194.0 188
337.0441 1208.0 188
337.3901 1222.0 188
337.6703 1238.0 188
337.9999 1252.0 188
338.3405 1264.0 188
338.6700 1280.0 188
338.9502 1298.0 188
339.2798 1312.0 188
339.6204 1326.0 188
339.9500 1342.0 188
340.2960 1356.0 188
340.5762 1374.0 188
340.9058 1398.0 188
341.2299 1424.0 188
341.5155 1456.0 188
341.8561 1470.0 188
342.1857 1470.0 188
342.5262 1490.0 188
342.8558 1518.0 188
343.2019 1532.0 188
343.4656 1548.0 188
343.8116 1570.0 188
344.1357 1592.0 188
344.4818 1624.0 188
344.7620 1652.0 188
345.0916 1670.0 188
345.4211 1696.0 188
345.7617 1726.0 188
346.0419 1758.0 188
346.3715 1792.0 188
346.7175 1824.0 188
347.0416 1856.0 188
347.3712 1890.0 188
347.6514 1936.0 188
347.9974 1978.0 188
348.3270 2020.0 188
348.6072 2064.0 188
348.9368 2104.0 188
349.2773 2152.0 188
349.6069 2208.0 188
349.8871 2268.0 188
350.2167 2316.0 188
350.5573 2344.0 188
350.8868 2392.0 188
351.1670 2460.0 188
351.4966 2512.0 188
351.8427 2572.0 188
