#RPLIDAR SCAN DATA
#COUNT=592
#Angule	Distance	Quality
352.3096 2872.0 188
352.6392 2992.0 188
352.9193 3092.0 188
353.2654 3172.0 188
353.5895 3260.0 188
353.9191 3356.0 188
354.2651 3416.0 188
354.5892 3424.0 188
354.9353 3500.0 188
355.2155 3648.0 188
355.5450 3740.0 188
355.8746 3836.0 188
356.2152 3944.0 188
356.5448 4024.0 188
356.8854 3916.0 188
357.2150 3740.0 188
357.5446 3700.0 188
357.8906 3676.0 188
358.2147 3660.0 188
358.5608 3676.0 188
358.8904 3688.0 188
359.2310 3656.0 188
359.5605 3656.0 188
359.8901 3672.0 188
0.2307 3684.0 188
0.5603 3836.0 188
0.9009 3996.0 188
1.2305 4016.0 188
1.5601 4028.0 188
1.9061 4036.0 188
2.2302 4044.0 188
2.5763 4048.0 188
2.9059 4056.0 188
3.2300 4056.0 188
3.5760 4076.0 188
3.8562 4112.0 188
4.1858 4112.0 188
4.5264 4120.0 188
4.8560 4152.0 188
5.1855 4152.0 188
5.5261 4168.0 188
5.8557 4216.0 188
6.2018 4256.0 188
6.5259 4280.0 188
6.8555 4304.0 188
7.2015 4320.0 188
7.5311 4328.0 188
7.8717 4336.0 188
8.2013 4344.0 188
8.5419 4392.0 188
8.8715 4424.0 188
9.2010 4456.0 188
9.5416 4432.0 188
9.8712 4400.0 188
10.2173 4384.0 188
10.5469 4392.0 188
10.8710 4432.0 188
11.2170 4456.0 188
11.5466 4448.0 188
11.8872 4448.0 188
12.2168 4440.0 188
12.5574 4448.0 188
12.8870 4464.0 188
13.2166 4480.0 188
13.5571 4488.0 188
13.8867 4480.0 188
14.2328 4480.0 188
14.5624 4464.0 188
14.8865 4424.0 188
15.2325 4400.0 188
15.5621 4376.0 188
15.9027 4368.0 188
16.2323 4368.0 188
16.5729 4376.0 188
16.9025 4376.0 188
17.2321 4400.0 188
17.5781 4424.0 188
17.9022 4440.0 188
18.2483 4416.0 188
18.5779 4392.0 188
18.9020 4376.0 188
19.2480 4368.0 188
19.5776 4368.0 188
19.9182 4376.0 188
20.2478 4392.0 188
20.5884 4400.0 188
20.9180 4400.0 188
21.2476 4424.0 188
21.5936 4440.0 188
21.9177 4432.0 188
22.2638 4456.0 188
22.5934 4488.0 188
22.9175 4520.0 188
23.2635 4528.0 188
23.5931 4520.0 188
23.9337 4528.0 188
24.2633 4536.0 188
24.6094 4520.0 188
24.9335 4512.0 188
25.2631 4528.0 188
25.6091 4504.0 188
25.9332 4480.0 188
26.2793 4512.0 188
26.6199 4496.0 188
26.9495 4504.0 188
27.2955 4528.0 188
27.6196 4520.0 188
27.9657 4512.0 188
28.2953 4512.0 188
28.6359 4528.0 188
28.9655 4560.0 188
29.3115 4576.0 188
29.6356 4576.0 188
29.9817 4568.0 188
30.3113 4584.0 188
30.6519 4912.0 188
30.9375 4928.0 188
31.2616 4976.0 188
31.6516 4888.0 188
31.9977 4688.0 188
32.3273 4624.0 188
32.6678 4640.0 188
32.9974 4672.0 188
33.3435 4704.0 188
33.6676 4712.0 188
34.0137 4728.0 188
34.3433 4744.0 188
34.6838 4776.0 188
35.0299 4792.0 188
35.3540 4792.0 188
35.7001 4800.0 188
36.0297 4832.0 188
36.3702 4856.0 188
36.6998 4872.0 188
37.0459 4888.0 188
37.3700 4904.0 188
37.6556 4952.0 188
37.9962 4984.0 188
38.3258 4984.0 188
38.6719 5048.0 188
38.9960 5072.0 188
39.3420 5016.0 188
39.6716 5016.0 188
40.0122 5000.0 188
40.3418 4960.0 188
40.6824 4984.0 188
41.0120 5048.0 188
41.3580 5072.0 188
41.6821 5080.0 188
42.0282 5120.0 188
42.3578 5152.0 188
42.6984 5824.0 188
43.0280 5832.0 188
43.3740 5824.0 188
43.6981 5784.0 188
44.0442 5792.0 188
44.3903 5816.0 188
44.7144 5808.0 188
45.0604 5848.0 188
45.3900 5952.0 188
45.6702 6472.0 188
46.0107 6504.0 188
46.3403 6528.0 188
46.6864 6496.0 188
47.0105 6496.0 188
47.3566 6504.0 188
47.6862 6504.0 188
48.0267 6544.0 188
48.3563 6560.0 188
48.7024 6560.0 188
49.0265 6584.0 188
49.3726 6648.0 188
49.7021 6672.0 188
50.0427 6664.0 188
50.3723 6704.0 188
50.7184 6616.0 188
51.0425 6488.0 188
51.3885 6456.0 188
51.7181 6488.0 188
52.0587 6520.0 188
52.3883 6504.0 188
52.7344 6504.0 188
53.0585 6520.0 188
53.4045 6520.0 188
53.7451 6560.0 188
54.0747 6600.0 188
54.4208 6592.0 188
54.7449 6488.0 188
55.0909 6400.0 188
55.4205 6408.0 188
55.7611 6432.0 188
56.0907 6480.0 188
56.4368 6544.0 188
56.7609 6584.0 188
57.1069 6624.0 188
57.4365 6552.0 188
57.7771 6608.0 188
58.1067 7224.0 188
58.4528 7248.0 188
58.7769 7384.0 188
59.1229 7512.0 188
59.4525 7544.0 188
59.7931 7584.0 188
60.1227 7624.0 188
60.4688 7720.0 188
60.7928 8168.0 188
61.1389 8192.0 188
61.4795 8192.0 188
61.8091 8192.0 188
62.0892 8200.0 188
62.4353 8208.0 188
62.7649 8200.0 188
63.1055 8216.0 188
63.4351 8216.0 188
63.7811 8208.0 188
64.1052 8224.0 188
64.4513 8208.0 188
64.8413 8184.0 188
65.1709 8160.0 188
65.4510 8224.0 188
65.7916 8264.0 188
66.1212 8328.0 188
66.4673 8376.0 188
66.7969 8400.0 188
67.1375 8400.0 188
67.4670 8368.0 188
67.8076 8688.0 188
68.1372 8632.0 188
68.4833 8592.0 188
68.8074 8680.0 188
69.1534 8768.0 188
69.4830 8800.0 188
69.8236 8800.0 188
70.1532 8760.0 188
70.4993 8760.0 188
70.8398 8856.0 188
71.1694 8936.0 188
71.5155 8944.0 188
71.8396 8872.0 188
72.1857 8872.0 188
72.5153 8888.0 188
72.8558 8528.0 188
73.1854 8488.0 188
73.5260 8552.0 188
73.8556 8744.0 188
74.2017 8920.0 188
74.5313 9056.0 188
74.8718 9120.0 188
75.2014 9224.0 188
75.5420 9288.0 188
75.8716 9384.0 188
76.2177 9480.0 188
76.5417 9544.0 188
76.8878 9976.0 188
77.5580 9888.0 188
79.5740 9912.0 188
79.9200 9944.0 188
80.2496 9864.0 188
80.5902 8960.0 188
80.9198 8648.0 188
81.2604 8648.0 188
81.6559 8184.0 188
81.9800 8160.0 188
82.3260 8104.0 188
82.6556 8088.0 188
82.9962 8080.0 188
83.3258 7984.0 188
83.6719 7952.0 188
83.9960 7968.0 188
84.3420 8000.0 188
84.6716 8024.0 188
85.0122 8016.0 188
85.3418 8008.0 188
85.6824 8080.0 188
86.0284 8168.0 188
86.3580 8168.0 188
86.6382 8248.0 188
86.9678 8344.0 188
87.3083 8296.0 188
87.6544 8224.0 188
87.9840 8232.0 188
88.3246 8248.0 188
88.6542 8256.0 188
88.9948 8200.0 188
89.3903 8152.0 188
89.7144 8056.0 188
90.0604 8016.0 188
90.3900 7960.0 188
90.7306 7904.0 188
91.0602 7960.0 188
91.3898 7944.0 188
91.7303 7856.0 188
92.0599 7824.0 188
92.4060 7912.0 188
92.7301 8000.0 188
93.0103 9208.0 188
93.3398 9312.0 188
93.6859 9344.0 188
94.0155 9296.0 188
94.3561 9272.0 188
94.6857 9216.0 188
95.0153 9224.0 188
95.3558 9160.0 188
95.6854 9168.0 188
96.0260 9488.0 188
96.3556 9472.0 188
96.6852 9456.0 188
97.0313 9440.0 188
97.3553 9368.0 188
97.7014 9320.0 188
98.0310 9400.0 188
98.3716 9384.0 188
98.7012 9352.0 188
100.0415 10128.0 188
100.7007 10152.0 188
101.7169 11888.0 188
104.7162 11848.0 188
105.3864 11840.0 188
105.7324 12208.0 188
106.0620 12160.0 188
106.3861 12016.0 188
106.7322 11928.0 188
107.7319 11976.0 188
108.0780 12072.0 188
108.4021 12040.0 188
108.7317 11888.0 188
109.7479 11976.0 188
110.7477 12272.0 188
113.7030 13184.0 188
115.3729 13184.0 188
115.7135 13216.0 188
116.0431 13312.0 188
116.7188 13248.0 188
117.0428 13256.0 188
117.7185 13712.0 188
118.7183 13568.0 188
156.7474 158.0 188
157.0770 164.0 188
158.2800 182.0 188
158.1702 193.0 188
158.6041 199.0 188
176.9513 10248.0 188
180.3076 9208.0 188
180.6372 9192.0 188
180.9833 9112.0 188
181.3074 8984.0 188
181.6534 8936.0 188
181.9830 8928.0 188
182.3236 8840.0 188
182.9993 8720.0 188
184.3231 8320.0 188
184.6692 8272.0 188
185.0592 8184.0 188
185.3888 8128.0 188
186.0590 8112.0 188
188.1354 5480.0 188
188.4650 5368.0 188
188.7946 5176.0 188
189.1846 4856.0 188
189.5306 4824.0 188
189.8547 4720.0 188
190.2008 4616.0 188
190.5304 4504.0 188
190.8710 4360.0 188
191.2006 4224.0 188
191.5906 4096.0 188
191.9366 3984.0 188
192.2607 3880.0 188
192.6068 3780.0 188
192.9364 3672.0 188
193.2605 3548.0 188
193.6560 3432.0 188
193.9966 3316.0 188
194.3262 3204.0 188
194.6667 3108.0 188
195.0623 3016.0 188
195.3864 2924.0 188
195.7324 2824.0 188
196.0620 2752.0 188
196.4520 2688.0 188
196.7926 2612.0 188
197.1222 2536.0 188
197.4683 2472.0 188
197.8583 2408.0 188
198.1824 2352.0 188
198.5120 2292.0 188
198.9020 2224.0 188
199.2480 2164.0 188
199.5776 2116.0 188
199.9182 2076.0 188
200.3082 2032.0 188
200.6378 1992.0 188
200.9839 1946.0 188
201.3080 1896.0 188
201.6980 1856.0 188
202.0441 1824.0 188
202.3737 1790.0 188
202.7637 1754.0 188
203.1042 1722.0 188
203.4338 1700.0 188
203.7634 1672.0 188
204.1699 1638.0 188
204.4995 1612.0 188
204.8236 1586.0 188
205.1697 1556.0 188
205.5597 1528.0 188
205.8893 1504.0 188
206.2299 1482.0 188
206.5594 1456.0 188
206.9495 1428.0 188
207.2955 1406.0 188
207.6196 1386.0 188
208.0151 1366.0 188
208.3557 1346.0 188
208.6853 1328.0 188
209.0259 1312.0 188
209.3555 1296.0 188
209.7455 1280.0 188
210.0751 1262.0 188
210.4211 1252.0 188
210.7452 1240.0 188
211.1353 1222.0 188
212.1515 1212.0 188
297.3724 632.0 188
297.7185 632.0 188
298.1085 630.0 188
298.4326 628.0 188
298.7787 628.0 188
299.1083 628.0 188
299.4489 628.0 188
299.7784 626.0 188
300.1245 628.0 188
300.4486 628.0 188
300.7947 628.0 188
301.1243 628.0 188
301.4648 628.0 188
301.7944 628.0 188
302.1405 628.0 188
302.4646 628.0 188
302.8107 630.0 188
303.0908 632.0 188
303.4204 634.0 188
303.7500 638.0 188
304.0906 640.0 188
304.4202 642.0 188
304.7607 646.0 188
305.0464 648.0 188
305.3705 654.0 188
305.7166 658.0 188
306.0461 662.0 188
306.3867 664.0 188
306.6669 666.0 188
306.9965 670.0 188
307.3425 674.0 188
307.6666 676.0 188
308.0127 680.0 188
308.2928 686.0 188
308.6224 690.0 188
308.9685 692.0 188
309.2926 696.0 188
309.6387 698.0 188
309.9683 700.0 188
310.2484 704.0 188
310.5780 706.0 188
310.9186 708.0 188
311.2482 710.0 188
311.5887 714.0 188
311.9183 716.0 188
312.2644 718.0 188
312.5885 720.0 188
312.9346 722.0 188
313.2147 726.0 188
313.5443 730.0 188
313.8904 732.0 188
314.2145 736.0 188
314.5605 740.0 188
314.8901 742.0 188
315.1703 748.0 188
315.5109 752.0 188
315.8405 756.0 188
316.1865 758.0 188
316.5106 764.0 188
316.8567 768.0 188
317.1204 772.0 188
317.4664 776.0 188
317.7960 780.0 188
318.1366 786.0 188
318.4662 788.0 188
318.8123 792.0 188
319.0924 798.0 188
319.4165 804.0 188
319.7626 808.0 188
320.0922 812.0 188
320.4218 818.0 188
320.7019 822.0 188
321.0425 826.0 188
321.3721 832.0 188
321.7181 836.0 188
322.0422 842.0 188
322.3279 848.0 188
322.6685 854.0 188
322.9980 860.0 188
323.3276 866.0 188
323.6682 872.0 188
323.9978 878.0 188
324.2780 880.0 188
324.6240 886.0 188
324.9481 892.0 188
325.2942 898.0 188
325.6238 904.0 188
325.9039 912.0 188
326.2335 916.0 188
326.5741 922.0 188
326.9037 932.0 188
327.2498 936.0 188
327.5739 942.0 188
327.8540 950.0 188
328.2001 958.0 188
328.5297 964.0 188
328.8593 972.0 188
329.1998 980.0 188
329.4800 988.0 188
329.8096 994.0 188
330.1556 1002.0 188
330.4797 1012.0 188
330.8258 1020.0 188
331.1060 1026.0 188
331.4355 1034.0 188
331.7651 1046.0 188
332.1057 1054.0 188
332.4353 1062.0 188
332.7155 1074.0 188
333.0615 1084.0 188
333.3856 1094.0 188
333.7317 1104.0 188
334.0613 1116.0 188
334.3414 1130.0 188
334.6710 1146.0 188
335.0116 1152.0 188
335.3412 1164.0 188
335.6213 1178.0 188
335.9674 1184.0 188
336.2915 1184.0 188
336.6376 1184.0 188
336.9672 1212.0 188
337.2473 1246.0 188
337.5769 1262.0 188
337.9175 1274.0 188
338.2471 1286.0 188
338.5272 1298.0 188
338.8733 1312.0 188
339.2029 1328.0 188
339.5435 1342.0 188
339.8730 1358.0 188
340.1532 1378.0 188
340.4828 1394.0 188
340.8234 1414.0 188
341.1530 1436.0 188
341.4331 1458.0 188
341.7792 1482.0 188
342.1088 1512.0 188
342.3889 1546.0 188
342.7185 1570.0 188
343.0591 1586.0 188
343.3887 1608.0 188
343.7292 1624.0 188
344.0149 1642.0 188
344.3390 1670.0 188
344.6851 1720.0 188
344.9487 1760.0 188
345.2948 1774.0 188
345.6244 1794.0 188
345.9650 1812.0 188
346.2946 1830.0 188
346.6406 1872.0 188
346.9208 1922.0 188
347.2449 1964.0 188
347.5909 2010.0 188
347.8546 2052.0 188
348.2007 2092.0 188
348.5303 2140.0 188
348.8708 2192.0 188
349.2004 2232.0 188
349.4806 2276.0 188
349.8102 2332.0 188
350.1563 2392.0 188
350.4199 2460.0 188
350.7605 2536.0 188
351.0901 2604.0 188
351.4362 2664.0 188
351.6998 2740.0 188
352.0459 2812.0 188
