#RPLIDAR SCAN DATA
#COUNT=582
#Angule	Distance	Quality
352.1667 3024.0 188
352.4524 3132.0 188
352.7765 3224.0 188
353.1226 3328.0 188
353.4521 3368.0 188
353.7927 3452.0 188
354.0619 3616.0 188
354.4025 3716.0 188
354.7321 3800.0 188
355.0781 3880.0 188
355.4022 3952.0 188
355.7318 4020.0 188
356.0779 4036.0 188
356.4020 4036.0 188
356.7480 4036.0 188
357.0776 4028.0 188
357.4017 4028.0 188
357.7478 4024.0 188
358.0774 4020.0 188
358.4180 4024.0 188
358.7476 4020.0 188
359.0771 4040.0 188
359.4177 4040.0 188
359.7473 4052.0 188
0.0934 4052.0 188
0.4175 4044.0 188
0.7471 4060.0 188
1.0931 4072.0 188
1.4172 4096.0 188
1.7029 4104.0 188
2.0270 4120.0 188
2.3730 4136.0 188
2.7026 4152.0 188
3.0432 4152.0 188
3.3728 4176.0 188
3.7024 4192.0 188
4.0430 4184.0 188
4.3726 4232.0 188
4.7186 4256.0 188
5.0427 4272.0 188
5.3723 4288.0 188
5.7184 4296.0 188
6.0425 4344.0 188
6.3885 4376.0 188
6.7181 4376.0 188
7.0422 4384.0 188
7.3883 4368.0 188
7.7179 4368.0 188
8.0420 4384.0 188
8.3881 4368.0 188
8.7177 4344.0 188
9.0582 4352.0 188
9.3878 4344.0 188
9.7174 4320.0 188
10.0580 4304.0 188
10.3876 4288.0 188
10.7336 4296.0 188
11.0577 4272.0 188
11.3873 4256.0 188
11.7334 4240.0 188
12.0575 4232.0 188
12.4036 4248.0 188
12.7332 4248.0 188
13.0573 4224.0 188
13.4033 4240.0 188
13.7329 4272.0 188
14.0735 4272.0 188
14.4031 4272.0 188
14.7327 4288.0 188
15.0732 4296.0 188
15.4028 4320.0 188
15.7489 4320.0 188
16.0730 4376.0 188
16.4191 4472.0 188
16.7487 4496.0 188
17.0892 4480.0 188
17.4188 4480.0 188
17.7484 4496.0 188
18.0890 4488.0 188
18.4186 4480.0 188
18.7646 4496.0 188
19.0887 4528.0 188
19.4348 4544.0 188
19.7644 4616.0 188
20.1050 4728.0 188
20.4346 4808.0 188
20.7642 4864.0 188
21.1047 4872.0 188
21.4343 4864.0 188
21.7804 4872.0 188
22.1045 4904.0 188
22.3901 4936.0 188
22.7307 4928.0 188
23.0603 4936.0 188
23.3899 4960.0 188
23.7305 4968.0 188
24.0601 4944.0 188
24.4061 4984.0 188
24.7302 5024.0 188
25.0763 5008.0 188
25.4059 5016.0 188
25.7465 5056.0 188
26.0760 5056.0 188
26.4166 5024.0 188
26.7462 5024.0 188
27.0758 5032.0 188
27.4219 5064.0 188
27.7460 5056.0 188
28.0920 5056.0 188
28.4216 5080.0 188
28.7622 5080.0 188
29.0918 5120.0 188
29.4324 5128.0 188
29.7620 5112.0 188
30.0916 5120.0 188
30.4321 5112.0 188
30.7617 5120.0 188
31.1078 5128.0 188
31.4374 5144.0 188
31.7780 5152.0 188
32.1075 5112.0 188
32.4481 5096.0 188
32.7777 5128.0 188
33.1073 5144.0 188
33.4479 5136.0 188
33.7775 5120.0 188
34.1235 5104.0 188
34.4531 5128.0 188
34.7937 5096.0 188
35.1233 5088.0 188
35.4639 5080.0 188
35.7935 5056.0 188
36.1230 5096.0 188
36.4636 5152.0 188
36.7932 5152.0 188
37.1393 5144.0 188
37.4634 5136.0 188
37.8094 5128.0 188
38.1390 5144.0 188
38.8092 5144.0 188
39.1553 5176.0 188
39.4794 5200.0 188
39.8090 5200.0 188
40.1550 5184.0 188
40.4791 5208.0 188
40.8252 5712.0 188
41.1548 5760.0 188
41.4954 5808.0 188
41.8250 5816.0 188
42.1710 5816.0 188
42.4951 5816.0 188
42.8247 5816.0 188
43.1708 5840.0 188
43.4949 5816.0 188
43.8409 5760.0 188
44.1705 5776.0 188
44.8407 5768.0 188
45.1868 6136.0 188
45.4504 6208.0 188
45.7965 6296.0 188
46.1206 6280.0 188
46.7963 6320.0 188
47.8125 6376.0 188
48.1366 6368.0 188
48.4827 6392.0 188
48.8123 6456.0 188
49.1528 6488.0 188
49.4824 6496.0 188
49.8230 6520.0 188
50.1526 6552.0 188
50.4987 6536.0 188
50.8228 6512.0 188
51.1688 6568.0 188
51.4984 6560.0 188
51.8390 6568.0 188
52.1686 6568.0 188
52.5146 6560.0 188
52.8387 6584.0 188
53.1848 6592.0 188
53.5144 6584.0 188
53.8550 6576.0 188
54.1846 6592.0 188
54.5306 6640.0 188
54.8547 6672.0 188
55.2008 6632.0 188
55.5304 7216.0 188
55.8710 7216.0 188
56.2006 7312.0 188
56.5466 7440.0 188
56.8707 7472.0 188
57.2168 7512.0 188
57.5464 7552.0 188
57.8870 7544.0 188
58.2166 7592.0 188
58.5571 7608.0 188
58.8867 7624.0 188
59.2328 7680.0 188
59.5624 7680.0 188
59.9030 7704.0 188
60.1831 8272.0 188
60.5127 8248.0 188
60.8588 8280.0 188
61.1829 8376.0 188
61.5289 8360.0 188
61.8585 8352.0 188
62.1991 8368.0 188
62.5287 8376.0 188
62.8748 8456.0 188
63.1989 8552.0 188
63.5449 8600.0 188
63.8745 8600.0 188
64.2151 8672.0 188
64.5447 8656.0 188
64.8853 8648.0 188
65.2148 8664.0 188
65.5609 8680.0 188
65.8905 8648.0 188
66.2311 8624.0 188
66.5607 8616.0 188
66.9012 8568.0 188
67.2308 8544.0 188
67.5769 8464.0 188
67.9010 8488.0 188
68.2471 8496.0 188
68.5767 8488.0 188
68.9172 8448.0 188
69.2468 8328.0 188
69.5929 8288.0 188
69.9170 8296.0 188
70.2631 8312.0 188
70.5927 8400.0 188
70.9332 8488.0 188
71.2628 8792.0 188
71.6089 8832.0 188
71.9330 8872.0 188
72.2791 8896.0 188
72.6086 9016.0 188
72.9492 9104.0 188
73.2788 9080.0 188
73.6249 9112.0 188
73.9490 9160.0 188
74.2950 9176.0 188
74.6246 9216.0 188
74.9652 9152.0 188
75.2948 9504.0 188
75.6354 9816.0 188
75.9650 9880.0 188
76.3110 10000.0 188
76.6406 9952.0 188
76.9812 9896.0 188
77.3108 9888.0 188
77.6514 9968.0 188
77.9810 10144.0 188
79.6674 10048.0 188
79.9969 9928.0 188
80.3265 9896.0 188
80.6671 9736.0 188
80.9967 9360.0 188
81.3428 9360.0 188
81.6669 9352.0 188
82.0129 8832.0 188
82.3425 8768.0 188
82.6831 8464.0 188
83.0127 8416.0 188
83.3423 8304.0 188
83.7323 8152.0 188
84.0729 8160.0 188
84.3585 8248.0 188
84.7485 8088.0 188
85.0781 8016.0 188
85.4187 8032.0 188
85.7483 8064.0 188
86.0779 8128.0 188
86.4185 8184.0 188
86.6986 8280.0 188
87.0282 8304.0 188
87.3743 8272.0 188
87.6984 8280.0 188
88.0444 8264.0 188
88.3740 8224.0 188
88.6981 8224.0 188
89.0442 8200.0 188
89.4342 8144.0 188
89.7638 8040.0 188
90.1044 7928.0 188
90.4340 7920.0 188
90.7800 7976.0 188
91.1041 7896.0 188
91.4337 7840.0 188
91.7798 7880.0 188
92.1094 7968.0 188
92.4500 7944.0 188
92.7795 7880.0 188
93.0597 9192.0 188
93.4058 9200.0 188
93.7299 9232.0 188
94.0594 9256.0 188
94.4055 9200.0 188
94.7296 9120.0 188
95.0757 9048.0 188
95.4053 9088.0 188
95.7458 9440.0 188
96.0754 9448.0 188
96.4050 9360.0 188
96.7456 9336.0 188
97.0752 9312.0 188
97.4213 9160.0 188
98.0914 9152.0 188
100.0909 10208.0 188
101.1072 11816.0 188
102.0465 12432.0 188
102.4365 12024.0 188
102.7771 11496.0 188
103.1067 11528.0 188
103.4528 11600.0 188
103.7769 11680.0 188
104.1229 11632.0 188
104.4525 11480.0 188
105.1227 11512.0 188
105.7928 11672.0 188
106.1224 12008.0 188
107.1222 12096.0 188
107.4683 12024.0 188
108.1384 11968.0 188
108.4680 11480.0 188
108.8086 11632.0 188
109.1382 11792.0 188
110.1379 11792.0 188
111.1542 12176.0 188
113.4338 12896.0 188
114.1040 12968.0 188
115.1093 12976.0 188
118.1085 12944.0 188
119.1083 13672.0 188
143.6517 144.0 188
143.9813 144.0 188
144.2010 146.0 188
144.4812 147.0 188
144.7614 148.0 188
144.9207 150.0 188
145.2008 151.0 188
146.1401 152.0 188
146.3104 155.0 188
146.8103 158.0 188
187.2180 5784.0 188
187.5586 5120.0 188
188.2178 5048.0 188
188.5583 4952.0 188
188.9484 4848.0 188
189.2780 4704.0 188
189.6240 4592.0 188
189.9481 4496.0 188
190.2942 4384.0 188
190.6238 4264.0 188
190.9644 4176.0 188
191.2939 4104.0 188
191.6840 4024.0 188
192.0135 3948.0 188
192.3541 3824.0 188
192.6837 3692.0 188
193.0298 3568.0 188
193.4198 3416.0 188
193.7494 3288.0 188
194.0900 3188.0 188
194.4196 3080.0 188
194.8096 2984.0 188
195.1556 2900.0 188
195.4797 2808.0 188
195.8698 2728.0 188
196.1993 2644.0 188
196.5454 2564.0 188
196.8750 2500.0 188
197.2650 2440.0 188
197.6056 2384.0 188
197.9352 2308.0 188
198.3252 2232.0 188
198.6713 2176.0 188
198.9954 2132.0 188
199.3414 2080.0 188
199.7314 2038.0 188
200.0610 2006.0 188
200.3906 1968.0 188
200.7312 1910.0 188
201.1212 1868.0 188
201.4508 1832.0 188
201.7969 1790.0 188
202.1210 1758.0 188
202.5110 1728.0 188
202.8571 1704.0 188
203.1866 1674.0 188
203.5767 1638.0 188
203.9172 1610.0 188
204.2468 1582.0 188
204.5764 1554.0 188
204.9664 1526.0 188
205.3125 1504.0 188
205.6366 1488.0 188
205.9827 1458.0 188
206.3727 1428.0 188
206.7023 1410.0 188
207.0428 1394.0 188
207.3724 1378.0 188
207.7625 1354.0 188
208.1085 1332.0 188
208.4326 1312.0 188
208.7622 1296.0 188
209.1522 1282.0 188
209.4983 1266.0 188
209.8279 1246.0 188
210.1685 1230.0 188
210.5585 1218.0 188
210.8881 1206.0 188
211.2341 1202.0 188
211.5582 1198.0 188
297.5427 632.0 188
297.8888 632.0 188
298.2184 632.0 188
298.6084 630.0 188
298.9490 630.0 188
299.2786 630.0 188
299.6246 630.0 188
299.9487 630.0 188
300.2948 630.0 188
300.6244 630.0 188
300.9650 630.0 188
301.2946 630.0 188
301.6406 630.0 188
301.9647 630.0 188
302.3108 628.0 188
302.6404 630.0 188
302.9205 632.0 188
303.2611 636.0 188
303.5907 638.0 188
303.9368 640.0 188
304.2609 642.0 188
304.6069 644.0 188
304.9365 646.0 188
305.2167 650.0 188
305.5573 652.0 188
305.8868 652.0 188
306.2329 656.0 188
306.5625 662.0 188
306.9031 664.0 188
307.1832 668.0 188
307.5128 670.0 188
307.8589 674.0 188
308.1830 680.0 188
308.4686 684.0 188
308.8092 688.0 188
309.1388 692.0 188
309.4794 694.0 188
309.8090 696.0 188
310.1385 700.0 188
310.4187 706.0 188
310.7648 708.0 188
311.0889 710.0 188
311.4349 712.0 188
311.7645 714.0 188
312.1051 718.0 188
312.4347 722.0 188
312.7148 724.0 188
313.0609 726.0 188
313.3905 730.0 188
313.7146 736.0 188
314.0607 740.0 188
314.3903 744.0 188
314.6704 748.0 188
315.0110 752.0 188
315.3406 756.0 188
315.6866 758.0 188
316.0107 760.0 188
316.3568 766.0 188
316.6370 770.0 188
316.9666 772.0 188
317.2961 776.0 188
317.6367 782.0 188
317.9663 786.0 188
318.3124 790.0 188
318.5925 796.0 188
318.9166 800.0 188
319.2627 804.0 188
319.5923 808.0 188
319.9329 812.0 188
320.2625 818.0 188
320.5426 824.0 188
320.8722 830.0 188
321.2183 836.0 188
321.5424 840.0 188
321.8884 846.0 188
322.1686 850.0 188
322.4982 856.0 188
322.8387 862.0 188
323.1683 870.0 188
323.5144 876.0 188
323.7946 882.0 188
324.1241 888.0 188
324.4482 894.0 188
324.7943 900.0 188
325.1239 908.0 188
325.4041 916.0 188
325.7446 922.0 188
326.0742 928.0 188
326.4203 934.0 188
326.7499 940.0 188
327.0300 948.0 188
327.3706 954.0 188
327.7002 962.0 188
328.0298 968.0 188
328.3704 974.0 188
328.7000 982.0 188
328.9801 990.0 188
329.3262 998.0 188
329.6558 1008.0 188
329.9963 1014.0 188
330.3259 1022.0 188
330.6061 1032.0 188
330.9521 1042.0 188
331.2762 1050.0 188
331.6058 1058.0 188
331.9519 1066.0 188
332.2321 1074.0 188
332.5616 1084.0 188
332.9022 1096.0 188
333.2318 1106.0 188
333.5779 1114.0 188
333.8580 1124.0 188
334.1821 1138.0 188
334.5282 1150.0 188
334.8578 1164.0 188
335.1379 1176.0 188
335.4675 1190.0 188
335.8081 1204.0 188
336.1377 1220.0 188
336.4178 1238.0 188
336.7639 1252.0 188
337.0935 1266.0 188
337.4341 1282.0 188
337.6978 1296.0 188
338.0438 1312.0 188
338.3734 1328.0 188
338.7140 1344.0 188
339.0436 1360.0 188
339.3237 1376.0 188
339.6533 1390.0 188
339.9994 1406.0 188
340.3235 1428.0 188
340.6091 1448.0 188
340.9497 1460.0 188
341.2793 1474.0 188
341.6089 1500.0 188
341.9495 1528.0 188
342.2296 1556.0 188
342.5592 1580.0 188
342.9053 1606.0 188
343.2294 1628.0 188
343.5150 1644.0 188
343.8391 1662.0 188
344.1852 1690.0 188
344.5148 1720.0 188
344.8389 1754.0 188
345.1245 1790.0 188
345.4651 1824.0 188
345.7947 1850.0 188
346.1353 1880.0 188
346.4044 1928.0 188
346.7450 1984.0 188
347.0746 2026.0 188
347.3547 2062.0 188
347.7008 2100.0 188
348.0304 2148.0 188
348.3545 2200.0 188
348.6401 2252.0 188
348.9807 2312.0 188
349.3103 2360.0 188
349.6509 2412.0 188
349.9200 2484.0 188
350.2606 2564.0 188
350.5902 2636.0 188
350.9363 2700.0 188
351.2164 2776.0 188
351.5460 2860.0 188
351.8701 2940.0 188
