#RPLIDAR SCAN DATA
#COUNT=610
#Angule	Distance	Quality
352.1558 3256.0 188
352.4799 3344.0 188
352.8259 3444.0 188
353.0896 3520.0 188
353.4357 3596.0 188
353.7653 3724.0 188
354.1058 3816.0 188
354.4354 3880.0 188
354.7760 3984.0 188
355.0616 4112.0 188
355.3857 4176.0 188
355.7318 4176.0 188
356.0614 4168.0 188
356.3855 4136.0 188
356.7316 4112.0 188
357.1216 4080.0 188
357.4512 4072.0 188
357.7917 4048.0 188
358.1213 3992.0 188
358.4674 3956.0 188
358.7915 3944.0 188
359.1376 3960.0 188
359.4672 3968.0 188
359.8077 3964.0 188
0.1373 3968.0 188
0.4834 3972.0 188
0.8075 3988.0 188
1.1371 3992.0 188
1.4832 3992.0 188
1.8073 4004.0 188
2.1533 4028.0 188
2.4829 4040.0 188
2.8235 4052.0 188
3.1531 4048.0 188
3.4991 4044.0 188
3.8232 4088.0 188
4.1089 4124.0 188
4.4330 4144.0 188
4.7791 4152.0 188
5.1086 4168.0 188
5.4492 4216.0 188
5.7788 4232.0 188
6.1249 4224.0 188
6.4490 4216.0 188
6.7950 4240.0 188
7.1246 4272.0 188
7.4652 4264.0 188
7.7948 4280.0 188
8.1244 4328.0 188
8.4650 4344.0 188
8.7946 4320.0 188
9.1406 4336.0 188
9.4647 4368.0 188
9.8108 4384.0 188
10.1404 4384.0 188
10.4810 4376.0 188
10.8105 4416.0 188
11.1511 4448.0 188
11.4807 4480.0 188
11.8268 4512.0 188
12.1509 4552.0 188
12.4969 4608.0 188
12.8265 4624.0 188
13.1671 4616.0 188
13.4967 4632.0 188
13.8263 4656.0 188
14.1669 4664.0 188
14.4965 4736.0 188
14.8425 4792.0 188
15.1666 4784.0 188
15.5127 4768.0 188
15.8423 4744.0 188
16.1829 4712.0 188
16.5125 4704.0 188
16.8585 4712.0 188
17.1826 4760.0 188
17.5287 4840.0 188
17.8583 4904.0 188
18.1384 4952.0 188
18.4680 4976.0 188
18.8086 4928.0 188
19.1382 4952.0 188
19.4843 5016.0 188
19.8083 5024.0 188
20.1544 5088.0 188
20.4840 5208.0 188
20.8246 5240.0 188
21.1542 5208.0 188
21.4948 5240.0 188
21.8243 5264.0 188
22.1704 5256.0 188
22.5000 5304.0 188
22.8406 5408.0 188
23.1702 5520.0 188
23.4998 5568.0 188
23.8403 5512.0 188
24.1699 5472.0 188
24.5105 5472.0 188
24.8401 5464.0 188
25.1862 5464.0 188
25.5103 5432.0 188
25.8563 5416.0 188
26.1859 5416.0 188
26.5265 5408.0 188
26.8561 5416.0 188
27.2021 5400.0 188
27.5262 5384.0 188
27.8723 5232.0 188
28.2019 5064.0 188
28.5425 5056.0 188
28.8721 5040.0 188
29.2017 5024.0 188
29.5422 5032.0 188
29.8718 5008.0 188
30.2179 5000.0 188
30.5420 4976.0 188
30.8881 4960.0 188
31.2177 5016.0 188
31.5582 5016.0 188
31.8878 4984.0 188
32.2339 5024.0 188
32.5580 5016.0 188
32.9041 4976.0 188
33.2336 4976.0 188
33.5742 4960.0 188
33.9038 4984.0 188
34.2334 4992.0 188
34.5740 4976.0 188
34.9036 5024.0 188
35.2496 5080.0 188
35.5737 5128.0 188
35.9198 5152.0 188
36.2494 5152.0 188
36.5900 5160.0 188
36.9196 5160.0 188
37.2656 5200.0 188
37.5897 5216.0 188
37.9358 5208.0 188
38.2654 5224.0 188
38.6060 5224.0 188
38.9355 5248.0 188
39.2761 5280.0 188
39.6057 5272.0 188
39.9353 5320.0 188
40.2759 5400.0 188
40.9515 5448.0 188
41.2811 5600.0 188
41.6217 5744.0 188
41.9513 5768.0 188
42.2919 5792.0 188
42.9675 5816.0 188
43.2916 5864.0 188
43.9178 6416.0 188
44.2474 6424.0 188
44.9176 6496.0 188
45.2637 6552.0 188
45.5933 6536.0 188
45.9338 6504.0 188
46.2634 6496.0 188
46.6040 6536.0 188
46.9336 6528.0 188
47.2797 6488.0 188
47.9498 6504.0 188
48.2794 6520.0 188
48.6200 6544.0 188
48.9661 6568.0 188
49.2957 6568.0 188
49.6362 6600.0 188
49.9658 6592.0 188
50.3119 6560.0 188
50.6360 6528.0 188
50.9821 6512.0 188
51.3116 6512.0 188
51.6522 6496.0 188
51.9818 6472.0 188
52.3279 6520.0 188
52.6520 6560.0 188
52.9980 6576.0 188
53.3276 6640.0 188
53.6682 6664.0 188
53.9978 6712.0 188
54.3384 6720.0 188
54.6680 6704.0 188
55.0140 6784.0 188
55.3436 7384.0 188
55.6842 7464.0 188
56.0138 7624.0 188
56.3544 7696.0 188
56.6840 7672.0 188
57.0300 7704.0 188
57.3541 7784.0 188
57.7002 7792.0 188
58.0298 7848.0 188
58.3704 7920.0 188
58.7000 7912.0 188
58.9801 8368.0 188
59.3262 8312.0 188
59.6558 8352.0 188
59.9963 8400.0 188
60.3259 8424.0 188
60.6665 8472.0 188
60.9961 8488.0 188
61.3422 8504.0 188
62.0123 8808.0 188
62.3419 8848.0 188
62.6825 8888.0 188
63.0121 8912.0 188
63.3582 8936.0 188
63.6823 9288.0 188
64.0283 9240.0 188
64.3579 9184.0 188
64.6985 9184.0 188
65.0281 9168.0 188
65.3741 9216.0 188
65.6982 9144.0 188
66.0443 8416.0 188
66.3739 8272.0 188
66.7804 8056.0 188
67.1045 7976.0 188
67.4506 8016.0 188
67.7142 8328.0 188
68.0603 8320.0 188
68.3899 8344.0 188
68.7305 8400.0 188
69.0765 8480.0 188
69.4061 8472.0 188
69.7467 8432.0 188
70.0763 8488.0 188
70.4169 8536.0 188
70.7465 8624.0 188
71.0925 8768.0 188
71.4166 8824.0 188
71.7627 8832.0 188
72.0923 8864.0 188
72.4329 8928.0 188
72.7625 9008.0 188
73.1085 9152.0 188
73.4326 9976.0 188
73.7787 10000.0 188
74.1083 10040.0 188
74.4489 9952.0 188
74.7784 9904.0 188
75.1245 9904.0 188
75.4486 9864.0 188
75.7947 9960.0 188
76.1243 9088.0 188
76.4648 9080.0 188
76.7944 9008.0 188
77.1405 9024.0 188
77.4646 9360.0 188
77.8107 9424.0 188
78.1512 9536.0 188
78.4808 9528.0 188
78.8269 9520.0 188
79.1510 9544.0 188
79.4971 9440.0 188
79.8267 9464.0 188
80.1672 9568.0 188
80.4968 9536.0 188
80.8429 9448.0 188
81.1670 9480.0 188
81.5131 9024.0 188
81.8427 8928.0 188
82.1832 8864.0 188
82.5128 8888.0 188
82.8589 8824.0 188
83.1830 8792.0 188
83.5291 8320.0 188
83.8586 8312.0 188
84.1992 8256.0 188
84.5288 8264.0 188
84.8749 8232.0 188
85.2649 8176.0 188
85.6055 8160.0 188
85.9351 8192.0 188
86.2152 8264.0 188
86.5613 8280.0 188
86.8854 8312.0 188
87.2314 8296.0 188
87.5610 8216.0 188
87.9510 8192.0 188
88.2312 8240.0 188
88.5773 8232.0 188
88.9673 8176.0 188
89.2969 8096.0 188
89.6375 7928.0 188
89.9670 7864.0 188
90.3076 7944.0 188
90.6372 7960.0 188
90.9833 7880.0 188
91.3074 7880.0 188
91.6534 7888.0 188
91.9830 7912.0 188
92.3236 7928.0 188
92.6532 7920.0 188
92.9333 9160.0 188
93.2794 9248.0 188
93.6090 9288.0 188
93.9496 9248.0 188
94.2792 9216.0 188
94.6198 9184.0 188
94.9658 9056.0 188
95.2954 8920.0 188
95.6360 9384.0 188
95.9656 9376.0 188
96.3116 9400.0 188
96.6357 9408.0 188
96.9818 9312.0 188
97.3114 9264.0 188
99.3274 10272.0 188
100.3436 11960.0 188
100.6677 11928.0 188
101.0138 12064.0 188
101.3434 12000.0 188
101.6840 11896.0 188
102.3541 10768.0 188
102.6837 11240.0 188
103.0298 10888.0 188
103.3704 10848.0 188
104.7162 11304.0 188
105.0458 11304.0 188
105.3864 11336.0 188
106.0620 11984.0 188
106.3861 12008.0 188
106.7157 12032.0 188
107.0618 12048.0 188
107.3859 11984.0 188
107.7319 11848.0 188
108.4021 11792.0 188
108.7317 11816.0 188
109.4019 11952.0 188
109.7314 11992.0 188
110.0775 11984.0 188
110.4016 11952.0 188
110.7477 11832.0 188
111.0773 11936.0 188
111.4178 12016.0 188
111.7474 12064.0 188
112.4176 12000.0 188
112.7472 11880.0 188
113.0933 12192.0 188
113.4174 11656.0 188
113.7634 10944.0 188
114.4336 11800.0 188
114.7632 11784.0 188
115.0928 11664.0 188
115.4333 11608.0 188
115.7629 11960.0 188
116.4331 11912.0 188
117.4329 11816.0 188
117.7789 11856.0 188
118.4491 12248.0 188
121.0748 13480.0 188
121.4044 13568.0 188
122.4042 13520.0 188
143.1244 147.0 188
143.4650 147.0 188
143.7451 148.0 188
144.0143 149.0 188
144.1846 151.0 188
144.4647 152.0 188
144.7449 153.0 188
144.9646 155.0 188
145.2448 156.0 188
146.1841 157.0 188
180.7141 10704.0 188
182.4060 8584.0 188
182.7301 8504.0 188
183.0762 8416.0 188
183.7463 8488.0 188
184.0924 8496.0 188
184.7626 8488.0 188
186.9049 5320.0 188
187.2290 5216.0 188
187.9047 5024.0 188
188.3112 4904.0 188
188.6353 4848.0 188
188.9813 4776.0 188
189.3109 4664.0 188
189.6515 4536.0 188
189.9811 4440.0 188
190.3271 4352.0 188
190.6677 4228.0 188
191.0577 4088.0 188
191.3873 3948.0 188
191.7334 3832.0 188
192.0575 3704.0 188
192.4036 3576.0 188
192.7936 3472.0 188
193.1396 3332.0 188
193.4637 3196.0 188
193.8098 3080.0 188
194.1998 2972.0 188
194.5459 2876.0 188
194.8700 2784.0 188
195.2655 2704.0 188
195.6061 2624.0 188
195.9521 2548.0 188
196.2762 2480.0 188
196.6718 2416.0 188
197.0123 2344.0 188
197.3584 2272.0 188
197.7484 2216.0 188
198.0780 2156.0 188
198.4186 2104.0 188
198.7482 2064.0 188
199.1547 2028.0 188
199.4843 1994.0 188
199.8248 1950.0 188
200.1544 1902.0 188
200.5609 1874.0 188
200.8905 1846.0 188
201.2311 1798.0 188
201.6211 1756.0 188
201.9507 1724.0 188
202.2968 1696.0 188
202.6373 1668.0 188
203.0273 1632.0 188
203.3569 1600.0 188
203.7030 1572.0 188
204.0271 1540.0 188
204.4171 1516.0 188
204.7632 1490.0 188
205.0928 1466.0 188
205.4333 1448.0 188
205.8234 1430.0 188
206.1694 1408.0 188
206.4990 1388.0 188
206.8396 1368.0 188
207.2296 1346.0 188
207.5592 1330.0 188
207.9053 1318.0 188
208.2294 1298.0 188
208.6249 1280.0 188
208.9655 1264.0 188
209.2950 1248.0 188
209.7015 1228.0 188
210.0311 1212.0 188
210.3717 1202.0 188
210.7013 1188.0 188
211.0419 1182.0 188
212.0416 1178.0 188
297.4823 638.0 188
297.8229 636.0 188
298.1525 634.0 188
298.4985 634.0 188
298.8281 632.0 188
299.1687 632.0 188
299.4983 632.0 188
299.9048 630.0 188
300.2344 630.0 188
300.5750 630.0 188
300.9045 630.0 188
301.2451 630.0 188
301.5747 630.0 188
301.9208 630.0 188
302.2449 630.0 188
302.5305 632.0 188
302.8711 634.0 188
303.2007 636.0 188
303.5468 638.0 188
303.8708 642.0 188
304.2169 644.0 188
304.5465 646.0 188
304.8267 648.0 188
305.1672 650.0 188
305.4968 652.0 188
305.8429 656.0 188
306.1835 658.0 188
306.5131 662.0 188
306.8591 664.0 188
307.1393 668.0 188
307.4634 670.0 188
307.8094 672.0 188
308.1390 676.0 188
308.4796 680.0 188
308.8092 682.0 188
309.0894 684.0 188
309.4354 688.0 188
309.7650 690.0 188
310.1056 692.0 188
310.4352 696.0 188
310.7813 702.0 188
311.0614 706.0 188
311.3855 708.0 188
311.7316 710.0 188
312.0612 716.0 188
312.4017 720.0 188
312.6874 724.0 188
313.0115 726.0 188
313.3575 732.0 188
313.6871 738.0 188
314.0277 740.0 188
314.3573 744.0 188
314.6375 750.0 188
314.9835 756.0 188
315.3076 758.0 188
315.6537 762.0 188
315.9998 768.0 188
316.2799 770.0 188
316.6040 776.0 188
316.9501 780.0 188
317.2797 782.0 188
317.6202 788.0 188
317.9059 794.0 188
318.2300 796.0 188
318.5760 800.0 188
318.9056 808.0 188
319.2462 812.0 188
319.5758 812.0 188
319.9219 814.0 188
320.2460 818.0 188
320.5261 824.0 188
320.8722 832.0 188
321.2018 842.0 188
321.5424 846.0 188
321.8280 852.0 188
322.1521 858.0 188
322.4982 866.0 188
322.8278 872.0 188
323.1683 878.0 188
323.4485 886.0 188
323.7781 890.0 188
324.1241 896.0 188
324.4482 904.0 188
324.7943 910.0 188
325.0745 918.0 188
325.4041 926.0 188
325.7446 934.0 188
326.0907 940.0 188
326.3544 948.0 188
326.7004 954.0 188
327.0465 962.0 188
327.3706 970.0 188
327.7167 978.0 188
327.9968 988.0 188
328.3264 994.0 188
328.6670 1000.0 188
328.9966 1010.0 188
329.3427 1018.0 188
329.6228 1030.0 188
329.9524 1038.0 188
330.2930 1044.0 188
330.6226 1054.0 188
330.9686 1064.0 188
331.2488 1072.0 188
331.5729 1080.0 188
331.9189 1090.0 188
332.2485 1100.0 188
332.5891 1110.0 188
332.8748 1120.0 188
333.1989 1132.0 188
333.5449 1146.0 188
333.8745 1156.0 188
334.2151 1166.0 188
334.4952 1174.0 188
334.8248 1186.0 188
335.1709 1200.0 188
335.4950 1216.0 188
335.7806 1230.0 188
336.1212 1242.0 188
336.4508 1260.0 188
336.7969 1276.0 188
337.1210 1292.0 188
337.4011 1310.0 188
337.7472 1326.0 188
338.0768 1340.0 188
338.4174 1356.0 188
338.7030 1378.0 188
339.0271 1400.0 188
339.3732 1422.0 188
339.7028 1444.0 188
339.9829 1462.0 188
340.3235 1482.0 188
340.6531 1498.0 188
340.9991 1516.0 188
341.2793 1538.0 188
341.6089 1560.0 188
341.9495 1578.0 188
342.2791 1596.0 188
342.6196 1624.0 188
342.8888 1644.0 188
343.2294 1670.0 188
343.5754 1702.0 188
343.9050 1734.0 188
344.1852 1760.0 188
344.5148 1780.0 188
344.8553 1810.0 188
345.1849 1856.0 188
345.4651 1906.0 188
345.8112 1948.0 188
346.1353 1992.0 188
346.4813 2036.0 188
346.7615 2076.0 188
347.0911 2124.0 188
347.4371 2184.0 188
347.7612 2232.0 188
348.0469 2288.0 188
348.3875 2340.0 188
348.7170 2384.0 188
348.9972 2460.0 188
349.3433 2536.0 188
349.6674 2596.0 188
350.0134 2652.0 188
350.3430 2720.0 188
350.6232 2796.0 188
350.9637 2872.0 188
351.2933 2964.0 188
351.6394 3064.0 188
351.9196 3172.0 188
