#RPLIDAR SCAN DATA
#COUNT=614
#Angule	Distance	Quality
352.2327 3436.0 188
352.5128 3544.0 188
352.8589 3636.0 188
353.1830 3696.0 188
353.5291 3752.0 188
353.8586 3832.0 188
354.1992 3968.0 188
354.5288 4036.0 188
354.8749 4016.0 188
355.1990 4008.0 188
355.5450 4000.0 188
355.8746 3996.0 188
356.2152 3984.0 188
356.5448 3964.0 188
356.8854 3932.0 188
357.2150 3904.0 188
357.5610 3880.0 188
357.8906 3872.0 188
358.2312 3868.0 188
358.5608 3864.0 188
358.9014 3844.0 188
359.2310 3820.0 188
359.5770 3800.0 188
359.9011 3796.0 188
0.2472 3816.0 188
0.5768 3800.0 188
0.9174 3780.0 188
1.2469 3780.0 188
1.5930 3784.0 188
1.9171 3788.0 188
2.2632 3796.0 188
2.5928 3784.0 188
2.9333 3776.0 188
3.2629 3764.0 188
3.6090 3744.0 188
3.9331 3744.0 188
4.2792 3748.0 188
4.6088 3756.0 188
4.9493 3772.0 188
5.2789 3812.0 188
5.6250 3868.0 188
5.9491 3924.0 188
6.2952 3980.0 188
6.6248 4032.0 188
6.9653 4076.0 188
7.2290 4100.0 188
7.5751 4160.0 188
7.9047 4216.0 188
8.2452 4248.0 188
8.5748 4280.0 188
8.9209 4296.0 188
9.2450 4320.0 188
9.5911 4344.0 188
9.9207 4344.0 188
10.2612 4424.0 188
10.5908 4496.0 188
10.9369 4480.0 188
11.2610 4488.0 188
11.6071 4512.0 188
11.9366 4528.0 188
12.2772 4552.0 188
12.6068 4560.0 188
12.9529 4568.0 188
13.2770 4576.0 188
13.6230 4584.0 188
13.9526 4600.0 188
14.2932 4600.0 188
14.6393 4616.0 188
14.9634 4680.0 188
15.3094 4712.0 188
15.6390 4720.0 188
15.9796 4720.0 188
16.3092 4720.0 188
16.6553 4736.0 188
16.9794 4752.0 188
17.3254 4776.0 188
17.6550 4784.0 188
17.9956 4760.0 188
18.3252 4744.0 188
18.6713 4752.0 188
19.0118 4768.0 188
19.3414 4792.0 188
19.6875 4784.0 188
20.0116 4768.0 188
20.3577 4792.0 188
20.6873 4840.0 188
21.0278 4864.0 188
21.3574 4872.0 188
21.6980 4872.0 188
22.0276 4880.0 188
22.3737 4872.0 188
22.7142 4864.0 188
23.0438 4888.0 188
23.3899 4888.0 188
23.7140 4880.0 188
24.0601 4896.0 188
24.3896 4896.0 188
24.7302 4904.0 188
25.0104 4952.0 188
25.3400 4960.0 188
25.6860 4936.0 188
26.0156 4968.0 188
26.3562 4992.0 188
26.6858 4936.0 188
27.0264 4920.0 188
27.3560 4928.0 188
27.7020 4936.0 188
28.0426 4936.0 188
28.3722 4936.0 188
28.7183 4928.0 188
29.0424 4920.0 188
29.3884 4952.0 188
29.7180 4976.0 188
30.0586 4952.0 188
30.3882 4936.0 188
30.7343 4960.0 188
31.0583 4960.0 188
31.4044 4992.0 188
31.7450 5032.0 188
32.0746 5000.0 188
32.4207 5008.0 188
32.7448 5016.0 188
33.0908 5016.0 188
33.4204 5032.0 188
33.7610 5048.0 188
34.0906 5040.0 188
34.4366 5072.0 188
34.7607 5128.0 188
35.1068 5152.0 188
35.4364 5208.0 188
36.1230 5232.0 188
36.4526 5224.0 188
36.7932 5248.0 188
37.1228 5272.0 188
37.4634 5288.0 188
37.7930 5312.0 188
38.1390 5336.0 188
38.4686 5376.0 188
38.8092 5376.0 188
39.1388 5376.0 188
39.4794 5376.0 188
39.8254 5408.0 188
40.1550 5504.0 188
40.4956 5592.0 188
40.8252 5712.0 188
41.1713 5808.0 188
41.4954 5824.0 188
42.1710 5840.0 188
42.4512 6424.0 188
43.1213 6520.0 188
43.4674 6656.0 188
43.7915 6608.0 188
44.1376 6600.0 188
44.4836 6600.0 188
44.8077 6552.0 188
45.1538 6560.0 188
45.4834 6560.0 188
45.8240 6584.0 188
46.1536 6568.0 188
46.4996 6552.0 188
46.8237 6584.0 188
47.1698 6576.0 188
47.5104 6536.0 188
47.8400 6552.0 188
48.1860 6560.0 188
48.5156 6608.0 188
48.8562 6608.0 188
49.2023 6568.0 188
49.5264 6560.0 188
49.8724 6544.0 188
50.2020 6568.0 188
50.5426 6560.0 188
50.8887 6576.0 188
51.2183 6568.0 188
51.5588 6576.0 188
51.8884 6632.0 188
52.2290 6680.0 188
52.5751 6704.0 188
52.9047 6736.0 188
53.2452 6760.0 188
53.5748 6760.0 188
53.9209 6792.0 188
54.2615 6824.0 188
54.5911 6824.0 188
54.9371 6784.0 188
55.2612 6808.0 188
55.6073 7288.0 188
55.9369 7384.0 188
56.2775 7520.0 188
56.6235 7632.0 188
56.9531 7704.0 188
57.2937 7744.0 188
57.6233 8048.0 188
57.9639 8056.0 188
58.3099 8032.0 188
58.5901 8376.0 188
58.9197 8424.0 188
59.2603 8584.0 188
59.5898 8752.0 188
59.9359 8624.0 188
60.2765 8544.0 188
60.6061 8728.0 188
60.9521 8800.0 188
61.2762 8768.0 188
61.6223 8856.0 188
61.9684 8968.0 188
62.2925 8936.0 188
62.6385 8872.0 188
62.9681 8432.0 188
63.3087 8392.0 188
63.6548 8352.0 188
63.9844 8336.0 188
64.3250 8272.0 188
64.6545 8248.0 188
64.9951 8200.0 188
65.3412 8216.0 188
65.6708 8240.0 188
66.0114 8288.0 188
66.3409 8392.0 188
66.6870 8432.0 188
67.0276 8568.0 188
67.3572 8712.0 188
67.6978 8744.0 188
68.0273 8768.0 188
68.3734 8448.0 188
68.7030 8520.0 188
69.0436 8592.0 188
69.3896 8568.0 188
69.7137 8560.0 188
70.0598 8536.0 188
70.3894 8560.0 188
70.7300 8608.0 188
71.0760 8704.0 188
71.4056 9112.0 188
71.7462 9112.0 188
72.0758 9216.0 188
72.4219 9288.0 188
72.7625 9336.0 188
73.4326 9400.0 188
73.7622 9872.0 188
74.1083 9896.0 188
74.4489 9992.0 188
74.7784 10032.0 188
75.1245 10056.0 188
75.4486 10120.0 188
75.7947 10064.0 188
76.1353 9984.0 188
76.4648 10000.0 188
76.8109 9920.0 188
77.1405 9616.0 188
77.4811 9624.0 188
77.8271 9536.0 188
78.1512 9480.0 188
78.4973 9504.0 188
78.8269 9368.0 188
79.1675 9224.0 188
79.4971 9176.0 188
79.8431 9224.0 188
80.1672 9240.0 188
80.5133 9224.0 188
80.8429 9184.0 188
81.1835 9128.0 188
81.5295 9096.0 188
81.8591 8992.0 188
82.1997 8952.0 188
82.5293 8832.0 188
82.8699 8656.0 188
83.1995 8520.0 188
83.5455 8360.0 188
83.8696 8256.0 188
84.2157 8200.0 188
84.5453 8216.0 188
84.8859 8232.0 188
85.2319 8280.0 188
85.5615 8352.0 188
85.9021 8368.0 188
86.2317 8296.0 188
86.5778 8296.0 188
86.9019 8328.0 188
87.2479 8296.0 188
87.5775 8280.0 188
87.9181 8256.0 188
88.2477 8200.0 188
88.6542 8096.0 188
88.9838 8008.0 188
89.3243 7968.0 188
89.6539 7880.0 188
90.0000 7848.0 188
90.3241 7832.0 188
90.6702 7856.0 188
90.9998 7896.0 188
91.3403 7840.0 188
91.6699 7808.0 188
92.0105 7888.0 188
92.3401 7912.0 188
92.6862 7928.0 188
92.9663 9160.0 188
93.2959 9248.0 188
93.6365 9328.0 188
93.9825 9256.0 188
94.3121 9192.0 188
94.6527 9184.0 188
94.9823 9096.0 188
95.3229 8984.0 188
95.6525 8992.0 188
95.9985 9040.0 188
96.3281 9064.0 188
96.6687 9072.0 188
96.9983 9096.0 188
97.6849 9208.0 188
99.7009 10272.0 188
100.0305 11560.0 188
100.3711 11496.0 188
100.7007 11600.0 188
101.0468 11584.0 188
101.7169 10136.0 188
102.0575 10136.0 188
102.3871 10080.0 188
102.7332 10144.0 188
103.0573 10944.0 188
103.7329 11088.0 188
104.4031 10776.0 188
104.7491 10840.0 188
105.0732 11184.0 188
105.4193 11288.0 188
105.7654 11312.0 188
106.0895 11272.0 188
106.4355 11296.0 188
106.7651 11888.0 188
107.1057 11400.0 188
107.4353 11536.0 188
107.7759 11680.0 188
108.7811 11728.0 188
109.7919 11760.0 188
110.4675 11728.0 188
110.8081 11744.0 188
111.1377 11800.0 188
111.4838 11712.0 188
111.8079 11408.0 188
112.1375 11376.0 188
112.4835 11352.0 188
112.8076 11392.0 188
113.1537 11504.0 188
113.4833 11480.0 188
113.8239 11168.0 188
114.1534 11184.0 188
114.4995 11168.0 188
114.8236 11160.0 188
115.1532 11184.0 188
115.4993 10840.0 188
115.8234 10960.0 188
116.1694 10952.0 188
116.4990 10976.0 188
116.8396 11304.0 188
117.1692 10648.0 188
117.4988 10752.0 188
117.8394 10896.0 188
118.8391 11288.0 188
120.8551 11280.0 188
122.8107 13216.0 188
125.8264 13264.0 188
141.4050 143.0 188
141.6852 144.0 188
141.9653 145.0 188
142.2455 146.0 188
144.7449 154.0 188
179.6375 10576.0 188
180.3076 8888.0 188
180.6372 8752.0 188
181.3074 8624.0 188
182.9993 8504.0 188
183.3234 8376.0 188
183.6694 8384.0 188
184.3396 8376.0 188
186.8115 5312.0 188
187.1356 5248.0 188
187.4817 5168.0 188
187.8278 5136.0 188
188.1519 5088.0 188
188.4979 5016.0 188
188.8879 4904.0 188
189.2175 4784.0 188
189.5581 4664.0 188
189.8877 4488.0 188
190.2338 4320.0 188
190.5579 4184.0 188
190.9479 4024.0 188
191.2939 3900.0 188
191.6400 3748.0 188
191.9641 3620.0 188
192.3541 3500.0 188
192.7002 3340.0 188
193.0298 3200.0 188
193.3704 3084.0 188
193.7604 2984.0 188
194.0900 2904.0 188
194.4360 2800.0 188
194.8260 2716.0 188
195.1666 2640.0 188
195.4962 2552.0 188
195.8423 2484.0 188
196.2323 2424.0 188
196.5619 2364.0 188
196.9025 2308.0 188
197.2321 2256.0 188
197.6221 2200.0 188
197.9681 2136.0 188
198.3087 2076.0 188
198.6987 2026.0 188
199.0283 1988.0 188
199.3744 1962.0 188
199.6985 1934.0 188
200.0446 1904.0 188
200.4346 1868.0 188
200.7642 1816.0 188
201.1047 1762.0 188
201.4948 1718.0 188
201.8408 1690.0 188
202.1704 1658.0 188
202.5604 1626.0 188
202.9010 1602.0 188
203.2306 1574.0 188
203.5767 1546.0 188
203.9667 1520.0 188
204.2963 1492.0 188
204.6368 1470.0 188
204.9829 1450.0 188
205.3729 1424.0 188
205.7025 1402.0 188
206.0431 1384.0 188
206.4331 1364.0 188
206.7627 1348.0 188
207.1088 1332.0 188
207.4329 1314.0 188
207.8394 1294.0 188
208.1689 1274.0 188
208.5150 1256.0 188
208.8391 1240.0 188
209.2291 1226.0 188
209.5752 1210.0 188
209.9048 1196.0 188
210.2454 1184.0 188
210.5750 1174.0 188
210.9650 1164.0 188
211.3110 1160.0 188
211.6406 1158.0 188
297.4658 636.0 188
297.7954 636.0 188
298.1360 636.0 188
298.4656 636.0 188
298.8116 636.0 188
299.1357 636.0 188
299.4818 634.0 188
299.8114 634.0 188
300.1520 632.0 188
300.4816 632.0 188
300.8276 632.0 188
301.1517 634.0 188
301.4978 632.0 188
301.8274 632.0 188
302.1680 632.0 188
302.4976 634.0 188
302.8436 636.0 188
303.1677 638.0 188
303.5138 642.0 188
303.8434 644.0 188
304.1840 646.0 188
304.4641 648.0 188
304.7937 650.0 188
305.1398 652.0 188
305.4639 654.0 188
305.8099 656.0 188
306.1395 660.0 188
306.4801 660.0 188
306.8262 662.0 188
307.1063 666.0 188
307.4359 668.0 188
307.7765 670.0 188
308.1061 674.0 188
308.4521 678.0 188
308.7762 678.0 188
309.1223 682.0 188
309.4025 686.0 188
309.7321 688.0 188
310.0781 692.0 188
310.4022 696.0 188
310.7483 696.0 188
311.0889 700.0 188
311.4185 702.0 188
311.6986 706.0 188
312.0447 710.0 188
312.3743 716.0 188
312.7148 720.0 188
312.9950 726.0 188
313.3246 730.0 188
313.6707 734.0 188
313.9948 738.0 188
314.3408 742.0 188
314.6210 748.0 188
314.9506 754.0 188
315.2966 760.0 188
315.6372 766.0 188
315.9174 770.0 188
316.2469 774.0 188
316.5930 778.0 188
316.9171 784.0 188
317.2632 788.0 188
317.5928 792.0 188
317.8729 796.0 188
318.2135 804.0 188
318.5431 814.0 188
318.8892 816.0 188
319.1693 820.0 188
319.4989 824.0 188
319.8395 828.0 188
320.1855 834.0 188
320.5151 840.0 188
320.8557 842.0 188
321.1359 848.0 188
321.4655 856.0 188
321.8115 864.0 188
322.1356 868.0 188
322.4817 874.0 188
322.7618 882.0 188
323.0914 888.0 188
323.4375 894.0 188
323.7616 898.0 188
324.1077 904.0 188
324.4482 910.0 188
324.7339 916.0 188
325.0580 922.0 188
325.4041 932.0 188
325.7336 938.0 188
326.0138 946.0 188
326.3544 952.0 188
326.6840 960.0 188
327.0300 968.0 188
327.3541 978.0 188
327.6398 988.0 188
327.9803 994.0 188
328.3099 1004.0 188
328.6560 1014.0 188
328.9966 1022.0 188
329.2767 1028.0 188
329.6063 1038.0 188
329.9524 1050.0 188
330.2765 1058.0 188
330.6226 1066.0 188
330.9027 1076.0 188
331.2323 1086.0 188
331.5729 1098.0 188
331.9025 1108.0 188
332.2485 1116.0 188
332.5287 1124.0 188
332.8583 1138.0 188
333.1989 1150.0 188
333.5449 1160.0 188
333.8745 1170.0 188
334.1547 1186.0 188
334.4952 1196.0 188
334.8248 1210.0 188
335.1709 1224.0 188
335.4510 1238.0 188
335.7806 1254.0 188
336.1212 1272.0 188
336.4508 1292.0 188
336.7310 1310.0 188
337.0770 1326.0 188
337.4011 1344.0 188
337.7472 1360.0 188
338.0273 1374.0 188
338.3569 1394.0 188
338.7030 1406.0 188
339.0271 1424.0 188
339.3073 1456.0 188
339.6533 1478.0 188
339.9829 1496.0 188
340.3235 1516.0 188
340.6091 1538.0 188
340.9332 1562.0 188
341.2793 1582.0 188
341.6089 1602.0 188
341.9495 1628.0 188
342.2296 1648.0 188
342.5592 1674.0 188
342.9053 1702.0 188
343.2458 1736.0 188
343.5150 1782.0 188
343.8556 1816.0 188
344.1852 1844.0 188
344.5313 1878.0 188
344.8114 1916.0 188
345.1355 1954.0 188
345.4816 1992.0 188
345.8276 2038.0 188
346.0913 2092.0 188
346.4374 2144.0 188
346.7615 2192.0 188
347.1075 2232.0 188
347.3877 2280.0 188
347.7173 2328.0 188
348.0579 2372.0 188
348.4039 2432.0 188
348.6676 2516.0 188
349.0137 2588.0 188
349.3433 2660.0 188
349.6838 2724.0 188
349.9640 2764.0 188
350.2936 2844.0 188
350.6396 2944.0 188
350.9802 3028.0 188
351.2494 3124.0 188
351.5900 3220.0 188
351.9360 3336.0 188
