#RPLIDAR SCAN DATA
#COUNT=580
#Angule	Distance	Quality
352.3096 3640.0 188
352.6556 3672.0 188
352.9797 3720.0 188
353.3258 3748.0 188
353.6554 3824.0 188
353.9960 3924.0 188
354.3256 3956.0 188
354.6716 3948.0 188
354.9957 3944.0 188
355.3418 3944.0 188
355.6714 3936.0 188
356.0120 3924.0 188
356.3416 3916.0 188
356.6821 3920.0 188
357.0117 3904.0 188
357.3578 3892.0 188
357.6874 3892.0 188
358.0280 3896.0 188
358.3575 3904.0 188
358.6981 3904.0 188
359.0277 3892.0 188
359.3738 3888.0 188
359.6979 3872.0 188
0.0439 3872.0 188
0.3735 3848.0 188
0.7141 3836.0 188
1.0437 3836.0 188
1.3898 3816.0 188
1.7139 3808.0 188
2.0599 3808.0 188
2.3895 3800.0 188
2.7301 3772.0 188
3.0597 3752.0 188
3.4058 3744.0 188
3.7299 3744.0 188
4.0594 3724.0 188
4.4055 3704.0 188
4.7296 3712.0 188
5.0757 3724.0 188
5.4053 3740.0 188
5.7458 3768.0 188
6.0754 3800.0 188
6.4215 3860.0 188
6.7456 3904.0 188
7.0917 3944.0 188
7.4213 4020.0 188
7.7014 4180.0 188
8.0420 4336.0 188
8.3716 4416.0 188
8.7177 4440.0 188
9.0417 4456.0 188
9.3878 4472.0 188
9.7174 4480.0 188
10.0580 4496.0 188
10.3876 4496.0 188
10.7336 4504.0 188
11.0577 4512.0 188
11.4038 4504.0 188
11.7334 4488.0 188
12.0740 4456.0 188
12.4036 4440.0 188
12.7496 4424.0 188
13.0737 4360.0 188
13.4198 4296.0 188
13.7494 4296.0 188
14.0900 4296.0 188
14.4196 4312.0 188
14.7656 4336.0 188
15.0897 4352.0 188
15.4358 4352.0 188
15.7654 4352.0 188
16.1060 4360.0 188
16.4355 4344.0 188
16.7651 4416.0 188
17.1057 4504.0 188
17.4353 4528.0 188
17.7759 4520.0 188
18.1055 4536.0 188
18.4515 4544.0 188
18.7811 4544.0 188
19.1217 4552.0 188
19.4513 4552.0 188
19.7919 4584.0 188
20.1379 4608.0 188
20.4675 4624.0 188
20.8081 4624.0 188
21.1377 4640.0 188
21.4838 4656.0 188
21.8079 4648.0 188
22.1539 4656.0 188
22.4835 4656.0 188
22.8241 4664.0 188
23.1702 4680.0 188
23.4998 4680.0 188
23.8403 4696.0 188
24.1699 4728.0 188
24.5105 4720.0 188
24.8401 4704.0 188
25.1862 4696.0 188
25.5267 4720.0 188
25.8563 4752.0 188
26.2024 4768.0 188
26.5265 4768.0 188
26.8726 4760.0 188
27.2021 4776.0 188
27.5427 4808.0 188
27.8723 4808.0 188
28.2184 4808.0 188
28.5590 4832.0 188
28.8885 4840.0 188
29.2291 4848.0 188
29.5587 4848.0 188
29.9048 4864.0 188
30.2344 4872.0 188
30.5750 4880.0 188
30.9210 4872.0 188
31.2451 4888.0 188
31.5912 4896.0 188
31.8713 4928.0 188
32.2009 4976.0 188
32.5415 4992.0 188
32.8711 5008.0 188
33.2172 5000.0 188
33.5468 5016.0 188
33.8873 5040.0 188
34.2334 5032.0 188
34.5575 5032.0 188
34.9036 5072.0 188
35.2332 5120.0 188
35.5737 5184.0 188
35.9033 5216.0 188
36.2494 5224.0 188
36.5900 5240.0 188
36.9196 5272.0 188
37.2656 5256.0 188
37.5897 5280.0 188
37.9358 5336.0 188
38.2654 5336.0 188
38.6060 5360.0 188
38.9355 5368.0 188
39.2761 5416.0 188
39.6222 5552.0 188
39.9518 5920.0 188
40.2924 5936.0 188
40.5780 6576.0 188
40.9021 6640.0 188
41.2482 6688.0 188
41.5778 6736.0 188
41.9183 6792.0 188
42.2644 6800.0 188
42.5885 6760.0 188
42.9346 6712.0 188
43.2642 6712.0 188
43.6047 6712.0 188
43.9343 6736.0 188
44.2804 6712.0 188
44.6045 6688.0 188
44.9506 6712.0 188
45.2966 6704.0 188
45.6207 6696.0 188
45.9668 6672.0 188
46.2964 6696.0 188
46.6370 6712.0 188
46.9666 6640.0 188
47.3071 6608.0 188
47.6532 6592.0 188
47.9828 6560.0 188
48.3234 6536.0 188
48.6530 6520.0 188
48.9990 6512.0 188
49.3231 6512.0 188
49.6692 6528.0 188
49.9988 6520.0 188
50.3394 6504.0 188
50.6854 6528.0 188
51.0150 6568.0 188
51.3556 6592.0 188
51.6852 6632.0 188
52.0313 6696.0 188
52.3553 6696.0 188
52.7014 6704.0 188
53.0420 6776.0 188
53.3716 6792.0 188
53.7177 6800.0 188
54.0417 6872.0 188
54.3878 6952.0 188
54.7339 7032.0 188
55.0580 7168.0 188
55.4041 7248.0 188
55.7336 7312.0 188
56.0742 7384.0 188
56.4038 7496.0 188
56.7499 7624.0 188
57.0905 7696.0 188
57.4200 7848.0 188
57.7002 8312.0 188
58.0463 8360.0 188
58.3704 8432.0 188
58.7164 8464.0 188
59.0625 8480.0 188
59.7327 8464.0 188
60.0623 8456.0 188
60.7324 8480.0 188
64.0448 570.0 188
64.3250 572.0 188
64.9951 572.0 188
66.0773 566.0 188
66.7474 566.0 188
67.0770 570.0 188
68.0273 584.0 188
74.5587 10112.0 188
74.9048 10240.0 188
75.2454 10224.0 188
75.5750 10064.0 188
75.9210 10064.0 188
76.2451 10008.0 188
76.5912 10080.0 188
76.9208 10184.0 188
77.2614 10144.0 188
77.6074 10112.0 188
77.9370 9656.0 188
78.2776 9568.0 188
78.6072 9472.0 188
78.9478 9416.0 188
79.2938 9312.0 188
79.6234 9240.0 188
79.9640 9120.0 188
80.2936 9088.0 188
80.6396 8336.0 188
80.9637 8328.0 188
81.3098 8344.0 188
81.6559 8416.0 188
81.9800 8448.0 188
82.3260 8440.0 188
82.6556 8368.0 188
82.9962 8360.0 188
83.3258 8432.0 188
83.6719 8312.0 188
84.0619 8136.0 188
84.4025 8048.0 188
84.7321 8104.0 188
85.0781 8120.0 188
85.4022 8136.0 188
85.6824 8272.0 188
86.0284 8328.0 188
86.3580 8344.0 188
86.6986 8320.0 188
87.0282 8328.0 188
87.3743 8312.0 188
87.7643 8160.0 188
88.1049 8040.0 188
88.4344 7552.0 188
88.7805 7600.0 188
89.1046 7976.0 188
89.4507 7960.0 188
89.7803 7928.0 188
90.1208 7856.0 188
90.4504 7872.0 188
90.7965 7912.0 188
91.1206 7904.0 188
91.4667 7880.0 188
91.7963 7912.0 188
92.1368 7904.0 188
92.4829 7848.0 188
92.8125 7928.0 188
93.0927 9200.0 188
93.4332 9216.0 188
93.7628 9232.0 188
94.1089 9256.0 188
94.4330 9224.0 188
94.7791 9104.0 188
95.1086 8968.0 188
95.4492 8848.0 188
95.7788 8872.0 188
96.1249 9008.0 188
96.4490 9040.0 188
96.7950 9048.0 188
97.1246 9536.0 188
97.7948 9960.0 188
98.1354 10000.0 188
99.4812 10168.0 188
99.8273 10480.0 188
100.1514 10392.0 188
100.4974 10304.0 188
100.8270 10280.0 188
101.1676 10280.0 188
101.4972 10192.0 188
101.8433 10040.0 188
102.1674 9952.0 188
102.5134 9944.0 188
103.1836 10064.0 188
104.1998 11240.0 188
104.5294 11304.0 188
105.1996 11416.0 188
105.5457 11400.0 188
105.8698 11264.0 188
106.2158 11312.0 188
106.5454 11464.0 188
106.8860 11552.0 188
107.2156 11512.0 188
107.5616 11496.0 188
107.8857 11640.0 188
108.2318 11688.0 188
108.5614 11744.0 188
108.9020 11672.0 188
109.2480 11456.0 188
109.5776 11400.0 188
109.9182 11480.0 188
110.2478 11424.0 188
111.2640 11776.0 188
111.9342 11800.0 188
112.2638 11712.0 188
112.6044 11576.0 188
112.9340 11616.0 188
113.2800 11600.0 188
113.6041 11456.0 188
114.2963 11456.0 188
114.9664 11632.0 188
115.2960 11312.0 188
115.6366 11384.0 188
116.3123 11416.0 188
117.3120 11272.0 188
118.6523 11240.0 188
118.9819 11352.0 188
119.3280 11504.0 188
121.2781 12448.0 188
122.2778 12304.0 188
125.6232 12960.0 188
126.2933 12976.0 188
142.1521 144.0 188
142.4323 145.0 188
142.7179 146.0 188
143.6682 147.0 188
144.4482 150.0 188
145.1678 155.0 188
179.4672 8864.0 188
179.8077 8864.0 188
180.8240 8344.0 188
181.4996 8360.0 188
181.8237 8296.0 188
182.8894 8136.0 188
183.9056 8064.0 188
186.9818 5192.0 188
187.6520 5136.0 188
187.9980 5000.0 188
188.3881 4848.0 188
188.7177 4768.0 188
189.0582 4688.0 188
189.3878 4584.0 188
189.7339 4472.0 188
190.0580 4288.0 188
190.4041 4128.0 188
190.7941 3808.0 188
191.1401 3756.0 188
191.4642 3644.0 188
191.8103 3548.0 188
192.2003 3456.0 188
192.5299 3352.0 188
192.8705 3204.0 188
193.2605 3056.0 188
193.5901 2964.0 188
193.9362 2860.0 188
194.2603 2748.0 188
194.6667 2672.0 188
194.9963 2584.0 188
195.3424 2508.0 188
195.7324 2444.0 188
196.0620 2380.0 188
196.4026 2316.0 188
196.7322 2248.0 188
197.1222 2188.0 188
197.4683 2140.0 188
197.7924 2100.0 188
198.1384 2068.0 188
198.5284 2028.0 188
198.8745 1968.0 188
199.1986 1910.0 188
199.5886 1872.0 188
199.9347 1828.0 188
200.2643 1788.0 188
200.6543 1756.0 188
200.9949 1720.0 188
201.3245 1690.0 188
201.6705 1658.0 188
202.0605 1630.0 188
202.4011 1608.0 188
202.7307 1580.0 188
203.0768 1548.0 188
203.4668 1518.0 188
203.7964 1492.0 188
204.1370 1468.0 188
204.5270 1444.0 188
204.8566 1422.0 188
205.2026 1402.0 188
205.5267 1382.0 188
205.9167 1364.0 188
206.2628 1346.0 188
206.6089 1328.0 188
206.9330 1312.0 188
207.2791 1296.0 188
207.6691 1280.0 188
207.9987 1260.0 188
208.3392 1244.0 188
208.7292 1226.0 188
209.0588 1212.0 188
209.4049 1200.0 188
209.7290 1186.0 188
210.1245 1170.0 188
210.4651 1158.0 188
210.7947 1146.0 188
211.1353 1140.0 188
211.4813 1138.0 188
212.1515 1130.0 188
297.6526 640.0 188
297.9987 638.0 188
298.3228 638.0 188
298.6688 636.0 188
298.9984 634.0 188
299.3390 634.0 188
299.6686 634.0 188
300.0146 634.0 188
300.3552 634.0 188
300.6848 634.0 188
301.0309 634.0 188
301.3550 632.0 188
301.7010 634.0 188
302.0306 634.0 188
302.3712 636.0 188
302.7173 638.0 188
303.0469 642.0 188
303.3875 644.0 188
303.7170 646.0 188
303.9972 648.0 188
304.3433 650.0 188
304.6674 652.0 188
305.0134 654.0 188
305.3540 656.0 188
305.6836 658.0 188
306.0297 660.0 188
306.3593 662.0 188
306.6998 664.0 188
306.9800 666.0 188
307.3096 666.0 188
307.6556 668.0 188
307.9962 670.0 188
308.3258 676.0 188
308.6719 678.0 188
308.9960 680.0 188
309.2761 684.0 188
309.6222 686.0 188
309.9518 690.0 188
310.2924 692.0 188
310.6384 696.0 188
310.9680 700.0 188
311.3086 702.0 188
311.5887 706.0 188
311.9183 710.0 188
312.2644 714.0 188
312.5885 718.0 188
312.9346 722.0 188
313.2147 726.0 188
313.5443 732.0 188
313.8904 736.0 188
314.2310 740.0 188
314.5111 748.0 188
314.8407 754.0 188
315.1868 758.0 188
315.5109 764.0 188
315.8569 768.0 188
316.1371 772.0 188
316.4667 776.0 188
316.8073 782.0 188
317.1368 786.0 188
317.4829 790.0 188
317.7631 796.0 188
318.0927 802.0 188
318.4332 808.0 188
318.7793 814.0 188
319.0594 822.0 188
319.3890 826.0 188
319.7296 832.0 188
320.0592 836.0 188
320.4053 838.0 188
320.7294 844.0 188
321.0150 850.0 188
321.3556 854.0 188
321.6852 862.0 188
322.0313 868.0 188
322.3553 872.0 188
322.7014 878.0 188
322.9816 886.0 188
323.3276 892.0 188
323.6517 898.0 188
323.9978 904.0 188
324.3274 910.0 188
324.6075 916.0 188
324.9481 924.0 188
325.2777 930.0 188
325.6238 936.0 188
325.9479 942.0 188
326.2335 948.0 188
326.5741 958.0 188
326.9037 968.0 188
327.2498 980.0 188
327.5299 992.0 188
327.8705 1004.0 188
328.2001 1014.0 188
328.5461 1018.0 188
328.8263 1026.0 188
329.1559 1036.0 188
329.4965 1046.0 188
329.8260 1056.0 188
330.1666 1064.0 188
330.4523 1070.0 188
330.7764 1080.0 188
331.1224 1092.0 188
331.4520 1104.0 188
331.7926 1114.0 188
332.0728 1124.0 188
332.4023 1134.0 188
332.7484 1144.0 188
333.0890 1154.0 188
333.4186 1168.0 188
333.6987 1182.0 188
334.0448 1196.0 188
334.3744 1210.0 188
334.7150 1226.0 188
334.9951 1242.0 188
335.3247 1254.0 188
335.6708 1270.0 188
335.9949 1288.0 188
336.2805 1306.0 188
336.6211 1328.0 188
336.9507 1348.0 188
337.2968 1364.0 188
337.5769 1386.0 188
337.9175 1406.0 188
338.2471 1424.0 188
338.5931 1442.0 188
338.8733 1462.0 188
339.2029 1482.0 188
339.5435 1504.0 188
339.8730 1526.0 188
340.1532 1546.0 188
340.4993 1566.0 188
340.8234 1588.0 188
341.1694 1618.0 188
341.4496 1656.0 188
341.7792 1690.0 188
342.1198 1722.0 188
342.4658 1752.0 188
342.7460 1776.0 188
343.0756 1802.0 188
343.4216 1834.0 188
343.7457 1870.0 188
344.0259 1906.0 188
344.3719 1942.0 188
344.7015 1978.0 188
345.0421 2014.0 188
345.3278 2054.0 188
345.6519 2100.0 188
345.9979 2152.0 188
346.3275 2200.0 188
346.6077 2256.0 188
346.9482 2308.0 188
347.2778 2348.0 188
347.6239 2396.0 188
347.9480 2456.0 188
348.2336 2504.0 188
348.5742 2568.0 188
348.9038 2636.0 188
349.2499 2704.0 188
349.5300 2780.0 188
349.8541 2856.0 188
350.2002 2944.0 188
350.5298 3024.0 188
350.8099 3108.0 188
351.1560 3220.0 188
351.4801 3376.0 188
351.8262 3496.0 188
