#RPLIDAR SCAN DATA
#COUNT=573
#Angule	Distance	Quality
352.1832 3668.0 188
352.5128 3704.0 188
352.8589 3752.0 188
353.1390 4112.0 188
353.4686 4232.0 188
353.8092 4368.0 188
354.1388 4376.0 188
354.4794 4352.0 188
354.8090 4328.0 188
355.1550 4296.0 188
355.4791 4264.0 188
355.8252 4248.0 188
356.1548 4184.0 188
356.4954 4144.0 188
356.8250 4128.0 188
357.1710 4120.0 188
357.4951 4112.0 188
357.8906 4072.0 188
358.2312 4052.0 188
358.5608 4040.0 188
358.9014 4076.0 188
359.1870 4136.0 188
359.5111 4168.0 188
359.8572 4184.0 188
0.1868 4160.0 188
0.5768 3784.0 188
0.9174 3792.0 188
1.2469 3784.0 188
1.5930 3768.0 188
1.9171 3764.0 188
2.2632 3772.0 188
2.5928 3776.0 188
2.9333 3764.0 188
3.2629 3760.0 188
3.6090 3760.0 188
3.9331 3740.0 188
4.2627 3716.0 188
4.6088 3728.0 188
4.9329 3740.0 188
5.2789 3744.0 188
5.5591 4104.0 188
5.8887 4104.0 188
6.2292 4120.0 188
6.5588 4144.0 188
6.9049 4192.0 188
7.2290 4248.0 188
7.5751 4264.0 188
7.9047 4288.0 188
8.2452 4336.0 188
8.5748 4384.0 188
8.9209 4392.0 188
9.2450 4392.0 188
9.5911 4384.0 188
9.9207 4392.0 188
10.2612 4392.0 188
10.5908 4400.0 188
10.9369 4408.0 188
11.2610 4400.0 188
11.6071 4384.0 188
11.9366 4392.0 188
12.2772 4384.0 188
12.6068 4376.0 188
12.9529 4376.0 188
13.2770 4384.0 188
13.6230 4408.0 188
13.9526 4424.0 188
14.2932 4440.0 188
14.6228 4480.0 188
14.9634 4520.0 188
15.2930 4528.0 188
15.6390 4528.0 188
15.9686 4544.0 188
16.3092 4552.0 188
16.6388 4544.0 188
16.9684 4600.0 188
17.3090 4672.0 188
17.6385 4704.0 188
17.9791 4672.0 188
18.3087 4648.0 188
18.6548 4704.0 188
18.9844 4688.0 188
19.3250 4704.0 188
19.6545 4752.0 188
19.9951 4784.0 188
20.3412 4776.0 188
20.6708 4792.0 188
21.0114 4856.0 188
21.3409 4880.0 188
21.6870 4904.0 188
22.0111 4912.0 188
22.3572 4912.0 188
22.6373 4952.0 188
22.9669 4960.0 188
23.3075 4976.0 188
23.6536 5032.0 188
23.9832 5072.0 188
24.3237 5064.0 188
24.6533 5016.0 188
24.9994 4968.0 188
25.3235 4960.0 188
25.6696 4976.0 188
26.0156 4952.0 188
26.3397 4944.0 188
26.6858 4952.0 188
27.0154 4928.0 188
27.4054 4904.0 188
27.7460 4904.0 188
28.0756 4904.0 188
28.4216 4912.0 188
28.7622 4904.0 188
29.0424 4920.0 188
29.3719 4952.0 188
29.7180 4968.0 188
30.0421 5032.0 188
30.3882 5080.0 188
30.7178 5104.0 188
31.0583 5128.0 188
31.4044 5128.0 188
31.7340 5160.0 188
32.0746 5176.0 188
32.4042 5184.0 188
32.7448 5200.0 188
33.0743 5208.0 188
33.4204 5232.0 188
33.7500 5272.0 188
34.0906 5280.0 188
34.4366 5256.0 188
34.7607 5256.0 188
35.1068 5280.0 188
35.4364 5304.0 188
35.7770 5320.0 188
36.1066 5360.0 188
36.4526 5400.0 188
36.7932 5408.0 188
37.1228 5456.0 188
37.4634 5544.0 188
37.7930 5584.0 188
38.1390 5640.0 188
38.4686 5720.0 188
38.8092 5808.0 188
39.1388 5912.0 188
39.4794 6048.0 188
39.8254 6144.0 188
40.1056 6208.0 188
40.7813 6352.0 188
41.1053 6792.0 188
41.4514 6784.0 188
41.7810 6792.0 188
42.1216 6792.0 188
42.4677 6760.0 188
42.7917 6736.0 188
43.1378 6728.0 188
43.4674 6712.0 188
43.8080 6776.0 188
44.1376 6808.0 188
44.4836 6760.0 188
44.8077 6792.0 188
45.1538 6784.0 188
45.4999 6760.0 188
45.8240 6728.0 188
46.1700 6688.0 188
46.4996 6696.0 188
46.8402 6696.0 188
47.1698 6712.0 188
47.5104 6672.0 188
47.8564 6664.0 188
48.1860 6752.0 188
48.5266 6800.0 188
48.8562 6800.0 188
49.2023 6800.0 188
49.5264 6808.0 188
49.8724 6792.0 188
50.2020 6816.0 188
50.5426 6816.0 188
50.8887 6760.0 188
51.2183 6760.0 188
51.5588 6816.0 188
51.8884 6832.0 188
52.2290 6840.0 188
52.5751 6864.0 188
52.9047 6840.0 188
53.2452 6856.0 188
53.5748 6936.0 188
53.9209 6984.0 188
54.2615 7032.0 188
54.5911 7128.0 188
54.9371 7200.0 188
55.2612 7224.0 188
55.6073 7288.0 188
55.9479 7392.0 188
56.2775 7472.0 188
56.6235 7616.0 188
56.9531 7816.0 188
57.2937 7968.0 188
57.6398 8088.0 188
57.9199 8200.0 188
58.2495 8264.0 188
58.5901 8336.0 188
58.9362 8408.0 188
59.2603 8440.0 188
59.6063 8400.0 188
59.9359 8360.0 188
60.2765 8432.0 188
60.6226 8472.0 188
60.9521 8560.0 188
61.2927 8696.0 188
61.6827 7296.0 188
62.0288 7280.0 188
62.3584 7320.0 188
62.6990 7328.0 188
63.0450 7320.0 188
63.3746 7480.0 188
63.7152 7616.0 188
64.0448 7672.0 188
64.3854 7720.0 188
64.7314 7752.0 188
65.0610 7776.0 188
66.7474 7904.0 188
67.0935 8056.0 188
67.4341 7712.0 188
68.1042 7560.0 188
68.4338 7544.0 188
68.7799 7688.0 188
69.1205 7704.0 188
69.7302 8792.0 188
70.0763 9272.0 188
70.4059 9288.0 188
70.7465 9256.0 188
71.0925 9304.0 188
71.4166 9448.0 188
71.7627 9440.0 188
72.1088 9456.0 188
72.4329 9488.0 188
72.7789 9472.0 188
73.1085 9832.0 188
73.4491 9744.0 188
73.7952 9752.0 188
74.1248 9832.0 188
74.4653 9856.0 188
74.7949 9928.0 188
75.1355 10096.0 188
75.4816 10248.0 188
75.8112 10208.0 188
76.1517 9888.0 188
76.4978 9952.0 188
77.1680 10008.0 188
79.8541 632.0 188
80.2496 630.0 188
80.5902 630.0 188
80.9198 624.0 188
81.2604 616.0 188
81.6064 616.0 188
81.9360 618.0 188
82.3260 614.0 188
82.6666 612.0 188
83.0127 610.0 188
83.3423 606.0 188
83.6829 606.0 188
84.0125 608.0 188
84.3585 608.0 188
84.6991 608.0 188
85.0287 608.0 188
85.3748 610.0 188
85.7153 612.0 188
85.9955 616.0 188
86.3251 618.0 188
87.3413 626.0 188
89.3738 7888.0 188
89.6979 7848.0 188
90.0439 7848.0 188
90.3735 7824.0 188
90.7141 7768.0 188
91.0602 7768.0 188
91.3898 7832.0 188
91.7303 7872.0 188
92.0599 7848.0 188
92.4060 7904.0 188
92.7301 7928.0 188
93.0103 9200.0 188
93.3563 9296.0 188
93.6859 9352.0 188
94.0265 9288.0 188
94.3726 9184.0 188
94.7021 9128.0 188
95.0427 9064.0 188
95.3723 8952.0 188
95.7184 8936.0 188
96.0425 8992.0 188
96.3885 9120.0 188
96.7291 9168.0 188
97.0587 9560.0 188
97.4048 9608.0 188
97.7344 9776.0 188
98.0750 9904.0 188
98.4045 10040.0 188
99.4208 10488.0 188
99.7614 10504.0 188
100.0909 10520.0 188
100.4370 10512.0 188
101.1072 10392.0 188
101.4368 9824.0 188
101.7773 9848.0 188
102.1234 9848.0 188
102.4530 9864.0 188
102.7936 9984.0 188
103.4637 10856.0 188
104.4635 11312.0 188
105.4797 11304.0 188
105.8258 11264.0 188
106.4960 11712.0 188
107.5122 11376.0 188
107.8418 11712.0 188
108.5120 11568.0 188
109.8578 11504.0 188
110.1984 11624.0 188
110.5444 11704.0 188
110.8740 11656.0 188
111.5442 11656.0 188
112.5604 11792.0 188
112.9010 11832.0 188
113.2306 11736.0 188
113.5767 11720.0 188
114.5764 11816.0 188
115.5927 11704.0 188
115.9332 11600.0 188
116.2628 11736.0 188
116.6089 11888.0 188
117.6086 11896.0 188
144.7009 146.0 188
144.9811 147.0 188
146.7773 150.0 188
146.7609 156.0 188
147.2607 159.0 188
186.5918 5640.0 188
186.9214 5648.0 188
187.2620 5592.0 188
187.5916 5480.0 188
187.9321 5128.0 188
188.2617 4976.0 188
188.6517 4608.0 188
188.9978 4544.0 188
189.3274 4440.0 188
189.6680 4312.0 188
190.0140 4148.0 188
190.4041 3972.0 188
190.7336 3832.0 188
191.0742 3724.0 188
191.4038 3608.0 188
191.7938 3512.0 188
192.1399 3364.0 188
192.4640 3212.0 188
192.8101 3120.0 188
193.2001 3004.0 188
193.5461 2884.0 188
193.8702 2796.0 188
194.2603 2700.0 188
194.6063 2596.0 188
194.9359 2524.0 188
195.2765 2472.0 188
195.6665 2408.0 188
196.0126 2344.0 188
196.3422 2288.0 188
196.6827 2240.0 188
197.0728 2180.0 188
197.4023 2128.0 188
197.7484 2080.0 188
198.1384 2024.0 188
198.4790 1964.0 188
198.8086 1904.0 188
199.1986 1862.0 188
199.5447 1826.0 188
199.8743 1784.0 188
200.2148 1758.0 188
200.6049 1730.0 188
200.9509 1694.0 188
201.2805 1660.0 188
201.6705 1626.0 188
202.0111 1598.0 188
202.3407 1572.0 188
202.6868 1544.0 188
203.0768 1520.0 188
203.4009 1496.0 188
203.7469 1476.0 188
204.0930 1458.0 188
204.4830 1432.0 188
204.8071 1408.0 188
205.1532 1386.0 188
205.5432 1364.0 188
205.8728 1346.0 188
206.2134 1328.0 188
206.5430 1310.0 188
206.9495 1292.0 188
207.2791 1276.0 188
207.6196 1260.0 188
207.9492 1246.0 188
208.3392 1228.0 188
208.6853 1214.0 188
209.0149 1202.0 188
209.3555 1190.0 188
209.7015 1172.0 188
210.0916 1158.0 188
210.4211 1150.0 188
210.7617 1140.0 188
211.0913 1130.0 188
211.4374 1124.0 188
212.4371 1118.0 188
297.6086 640.0 188
297.9327 638.0 188
298.2788 638.0 188
298.6249 636.0 188
298.9490 636.0 188
299.2950 634.0 188
299.6246 636.0 188
299.9652 634.0 188
300.2948 632.0 188
300.6354 632.0 188
300.9650 634.0 188
301.3110 634.0 188
301.6516 634.0 188
301.9812 636.0 188
302.3273 634.0 188
302.6514 636.0 188
302.9974 640.0 188
303.3270 644.0 188
303.6676 646.0 188
304.0137 646.0 188
304.2938 648.0 188
304.6234 650.0 188
304.9640 652.0 188
305.2936 656.0 188
305.6396 658.0 188
305.9637 658.0 188
306.3098 658.0 188
306.6394 662.0 188
306.9800 664.0 188
307.2656 666.0 188
307.6062 670.0 188
307.9358 672.0 188
308.2764 676.0 188
308.6060 676.0 188
308.9520 678.0 188
309.2761 682.0 188
309.5618 686.0 188
309.9023 688.0 188
310.2319 692.0 188
310.5780 694.0 188
310.9186 698.0 188
311.1987 704.0 188
311.5283 706.0 188
311.8744 708.0 188
312.1985 712.0 188
312.5446 718.0 188
312.8741 720.0 188
313.1543 726.0 188
313.4949 728.0 188
313.8245 732.0 188
314.1705 738.0 188
314.5111 742.0 188
314.7968 746.0 188
315.1208 752.0 188
315.4669 760.0 188
315.7965 766.0 188
316.0767 770.0 188
316.4172 774.0 188
316.7468 778.0 188
317.0929 784.0 188
317.4170 790.0 188
317.7026 794.0 188
318.0432 800.0 188
318.3728 808.0 188
318.7134 812.0 188
319.0594 816.0 188
319.3396 820.0 188
319.6692 828.0 188
320.0153 834.0 188
320.3394 840.0 188
320.6854 844.0 188
320.9656 850.0 188
321.2952 856.0 188
321.6357 864.0 188
321.9653 870.0 188
322.3114 874.0 188
322.5916 880.0 188
322.9211 886.0 188
323.2617 894.0 188
323.6078 900.0 188
323.9374 906.0 188
324.2175 912.0 188
324.5581 922.0 188
324.8877 928.0 188
325.2338 934.0 188
325.5579 942.0 188
325.8435 950.0 188
326.1841 956.0 188
326.5137 964.0 188
326.8542 972.0 188
327.1399 984.0 188
327.4640 996.0 188
327.8101 1004.0 188
328.1561 1012.0 188
328.4802 1020.0 188
328.7604 1030.0 188
329.1064 1040.0 188
329.4360 1054.0 188
329.7766 1064.0 188
330.0623 1072.0 188
330.3864 1084.0 188
330.7324 1094.0 188
331.0620 1102.0 188
331.4026 1110.0 188
331.6827 1122.0 188
332.0123 1132.0 188
332.3584 1144.0 188
332.6825 1160.0 188
332.9681 1172.0 188
333.3087 1182.0 188
333.6548 1196.0 188
333.9844 1214.0 188
334.2645 1232.0 188
334.6051 1248.0 188
334.9347 1262.0 188
335.2808 1278.0 188
335.6049 1294.0 188
335.8905 1310.0 188
336.2311 1330.0 188
336.5607 1348.0 188
336.8408 1368.0 188
337.1869 1386.0 188
337.5110 1402.0 188
337.8571 1424.0 188
338.1372 1452.0 188
338.4833 1468.0 188
338.8074 1482.0 188
339.1534 1506.0 188
339.4830 1532.0 188
339.7632 1550.0 188
340.1093 1570.0 188
340.4333 1598.0 188
340.7794 1624.0 188
341.0596 1648.0 188
341.3892 1678.0 188
341.7297 1714.0 188
342.0593 1748.0 188
342.3395 1778.0 188
342.6855 1806.0 188
343.0261 1832.0 188
343.3557 1870.0 188
343.6359 1916.0 188
343.9655 1954.0 188
344.3115 1988.0 188
344.6356 2024.0 188
344.9213 2056.0 188
345.2618 2092.0 188
345.5914 2144.0 188
345.9375 2200.0 188
346.2177 2244.0 188
346.5417 2272.0 188
346.8878 2320.0 188
347.2174 2388.0 188
347.5580 2448.0 188
347.8436 2520.0 188
348.1677 2584.0 188
348.5138 2636.0 188
348.8434 2704.0 188
349.1235 2780.0 188
349.4531 2852.0 188
349.7937 2928.0 188
350.1233 3036.0 188
350.4034 3116.0 188
350.7495 3184.0 188
351.0736 3264.0 188
351.4197 3364.0 188
351.6998 3528.0 188
