#RPLIDAR SCAN DATA
#COUNT=604
#Angule	Distance	Quality
352.0459 3356.0 188
352.3865 3364.0 188
352.7161 3388.0 188
352.9358 4696.0 188
353.2764 4680.0 188
353.6060 4648.0 188
353.9520 4616.0 188
354.2761 4584.0 188
354.6222 4592.0 188
354.9518 4568.0 188
355.2924 4560.0 188
355.6219 4552.0 188
355.9680 4544.0 188
356.2921 4528.0 188
356.6382 4496.0 188
356.9678 4528.0 188
357.2919 4552.0 188
357.6379 4536.0 188
357.9675 4504.0 188
358.3081 4456.0 188
358.6377 4456.0 188
358.9838 4472.0 188
359.3079 4448.0 188
359.6539 4440.0 188
359.9835 4432.0 188
0.3241 4432.0 188
0.6537 4432.0 188
0.9833 4432.0 188
1.3239 4424.0 188
1.6534 4432.0 188
1.9995 4432.0 188
2.3236 4416.0 188
2.6697 4424.0 188
2.9993 4416.0 188
3.3398 4392.0 188
3.6694 4384.0 188
4.0155 4384.0 188
4.3396 4392.0 188
4.6857 4376.0 188
5.0153 4376.0 188
5.3394 4384.0 188
5.6854 4392.0 188
6.0150 4424.0 188
6.3556 4464.0 188
6.6852 4512.0 188
7.0313 4544.0 188
7.3553 4592.0 188
7.7014 4640.0 188
8.0310 4680.0 188
8.3716 4712.0 188
8.7012 4752.0 188
9.0308 4784.0 188
9.3713 4752.0 188
9.7009 4760.0 188
10.0415 4768.0 188
10.3711 4816.0 188
10.7172 4856.0 188
11.0468 4888.0 188
11.3269 4960.0 188
11.6675 5016.0 188
11.9971 5040.0 188
12.3267 5064.0 188
12.6672 5080.0 188
12.9968 5144.0 188
13.3429 5216.0 188
13.6670 5208.0 188
14.0131 5208.0 188
14.3427 5256.0 188
14.6832 5288.0 188
15.0128 5264.0 188
15.3589 5240.0 188
15.6830 5224.0 188
16.0126 5224.0 188
16.3586 5280.0 188
16.6827 5288.0 188
17.0288 5256.0 188
17.3584 5240.0 188
17.6990 5240.0 188
18.0286 5272.0 188
18.3746 5288.0 188
18.6987 5272.0 188
19.0448 5160.0 188
19.3744 5056.0 188
19.7150 5032.0 188
20.0446 5040.0 188
20.3741 5064.0 188
20.7147 5040.0 188
21.0443 5048.0 188
21.3904 5056.0 188
21.7145 5024.0 188
22.0605 5016.0 188
22.3901 4992.0 188
22.7307 4976.0 188
23.0603 5000.0 188
23.4009 5024.0 188
23.7305 5048.0 188
24.0765 5072.0 188
24.4061 5104.0 188
24.7467 5096.0 188
25.0763 5136.0 188
25.4169 5136.0 188
25.7465 5128.0 188
26.0925 5152.0 188
26.4166 5152.0 188
26.7627 5168.0 188
27.0923 5200.0 188
27.4329 5232.0 188
27.7625 5264.0 188
28.1085 5288.0 188
28.4326 5288.0 188
28.7787 5288.0 188
29.1083 5304.0 188
29.4489 5320.0 188
29.7784 5336.0 188
30.1245 5368.0 188
30.4486 5432.0 188
30.7947 5512.0 188
31.1243 5552.0 188
31.4648 5592.0 188
31.7944 5656.0 188
32.1405 5728.0 188
32.4646 5792.0 188
32.8107 5784.0 188
33.1403 5744.0 188
33.4808 5760.0 188
33.8104 5776.0 188
34.1510 5800.0 188
34.4806 5816.0 188
34.8267 5816.0 188
35.1563 5864.0 188
35.4968 5912.0 188
35.8264 5944.0 188
36.1670 5992.0 188
36.4966 5984.0 188
36.8427 5960.0 188
37.1667 6024.0 188
37.5128 6112.0 188
37.7930 6232.0 188
38.1226 6352.0 188
38.4686 6368.0 188
38.7927 6400.0 188
39.1388 6464.0 188
39.4684 6816.0 188
39.8090 6792.0 188
40.1385 6816.0 188
40.4791 6808.0 188
40.8087 6808.0 188
41.1548 6840.0 188
41.4844 6824.0 188
41.8250 6800.0 188
42.1545 6816.0 188
42.4951 6832.0 188
42.8247 6784.0 188
43.1708 6792.0 188
43.4949 6792.0 188
43.8409 6808.0 188
44.1705 6824.0 188
44.5111 6784.0 188
44.8407 6776.0 188
45.1868 6768.0 188
45.5109 6784.0 188
45.8569 6768.0 188
46.1865 6720.0 188
46.5271 6720.0 188
46.8567 6704.0 188
47.2028 6696.0 188
47.5269 6720.0 188
47.8729 6760.0 188
48.2025 6760.0 188
48.5431 6784.0 188
48.8727 6816.0 188
49.2188 6792.0 188
49.5428 6816.0 188
49.8889 6864.0 188
50.2185 6888.0 188
50.5591 6904.0 188
50.8887 6880.0 188
51.2292 6872.0 188
51.5588 6880.0 188
51.9049 6888.0 188
52.2290 6888.0 188
52.5751 6888.0 188
52.9047 6880.0 188
53.2452 6888.0 188
53.5748 6960.0 188
53.9209 7080.0 188
54.2615 7208.0 188
54.5911 7352.0 188
54.9371 7472.0 188
55.2612 7488.0 188
55.6073 7512.0 188
55.9479 7560.0 188
56.2775 7552.0 188
56.6235 7024.0 188
56.9641 6904.0 188
57.2937 6752.0 188
57.6398 6688.0 188
57.9639 6632.0 188
58.3099 6576.0 188
58.6560 6592.0 188
58.9801 6560.0 188
59.3262 6472.0 188
59.6667 6392.0 188
59.9963 6352.0 188
60.3424 6360.0 188
60.6665 6352.0 188
61.0126 6352.0 188
61.3586 6368.0 188
61.6827 6416.0 188
62.0288 6424.0 188
62.6990 6504.0 188
63.0450 7536.0 188
63.3746 7600.0 188
63.7152 7704.0 188
64.0613 7808.0 188
64.7314 7960.0 188
65.0775 8104.0 188
65.4016 8096.0 188
65.7477 8184.0 188
66.0278 8368.0 188
66.3574 8496.0 188
66.6980 8648.0 188
67.0441 8752.0 188
67.3737 8752.0 188
67.7142 8768.0 188
68.0603 8808.0 188
68.3899 8912.0 188
68.7305 9000.0 188
69.0601 9040.0 188
69.4061 9056.0 188
69.7467 9064.0 188
70.0763 9152.0 188
70.4169 9160.0 188
70.7629 9160.0 188
71.0925 9272.0 188
71.4331 9376.0 188
71.7627 9360.0 188
72.1088 9416.0 188
72.4493 9544.0 188
72.7789 9656.0 188
73.1250 9664.0 188
73.4656 9592.0 188
73.7952 9496.0 188
74.8114 9512.0 188
75.1520 9584.0 188
75.4816 9568.0 188
75.8276 9592.0 188
76.1682 9600.0 188
76.4978 9560.0 188
76.8384 9600.0 188
77.1680 9664.0 188
77.5140 9528.0 188
77.8546 8904.0 188
78.1842 8816.0 188
78.5303 8784.0 188
78.8708 8800.0 188
79.2004 8720.0 188
79.5465 8672.0 188
79.8706 8648.0 188
80.2167 8744.0 188
80.5573 8672.0 188
80.8868 8456.0 188
81.2329 8344.0 188
81.9031 8200.0 188
82.2931 8032.0 188
82.9797 7944.0 188
83.5895 8488.0 188
83.9355 8368.0 188
84.6057 8320.0 188
84.9518 8416.0 188
85.2759 8320.0 188
85.6219 8264.0 188
85.9680 8368.0 188
86.2921 8400.0 188
86.6382 8248.0 188
87.0282 8032.0 188
87.3578 7856.0 188
87.6984 7544.0 188
88.0280 7552.0 188
88.3740 7528.0 188
88.7146 7456.0 188
89.0442 7520.0 188
89.3903 7632.0 188
89.7144 7632.0 188
90.0604 7720.0 188
90.3900 7792.0 188
90.7306 7840.0 188
91.0602 7904.0 188
91.4063 7880.0 188
91.7303 7760.0 188
92.0764 7744.0 188
92.4060 7880.0 188
92.7466 7984.0 188
93.0267 9176.0 188
93.3563 9232.0 188
93.7024 9296.0 188
94.0265 9304.0 188
94.3726 9248.0 188
94.7186 9128.0 188
95.0427 9056.0 188
95.3888 8936.0 188
95.7184 8904.0 188
96.0590 9024.0 188
97.0587 9640.0 188
97.4048 9960.0 188
97.7344 9912.0 188
98.0750 9952.0 188
98.7451 10288.0 188
99.0747 10312.0 188
99.4208 10352.0 188
99.7449 10496.0 188
100.0909 10552.0 188
100.4370 10384.0 188
100.7611 10464.0 188
101.1072 10552.0 188
101.4368 10520.0 188
101.7773 10472.0 188
102.1069 10552.0 188
103.1232 10760.0 188
104.1229 10792.0 188
104.4635 11304.0 188
104.7931 11304.0 188
105.1392 11312.0 188
105.4797 11320.0 188
106.1554 11208.0 188
106.4795 11152.0 188
107.1552 11168.0 188
107.4957 11256.0 188
107.8253 11344.0 188
108.1714 11240.0 188
108.4955 11312.0 188
108.8416 11288.0 188
109.1711 11144.0 188
111.3574 822.0 188
111.6980 824.0 188
112.0276 826.0 188
112.3737 824.0 188
112.6978 822.0 188
113.0438 822.0 188
113.3734 824.0 188
113.7140 826.0 188
114.0436 828.0 188
114.3896 830.0 188
114.7137 834.0 188
115.0598 836.0 188
115.3894 838.0 188
115.7300 842.0 188
116.0760 846.0 188
116.3397 850.0 188
116.6858 858.0 188
117.2955 890.0 188
117.5757 916.0 188
117.9218 920.0 188
118.5919 928.0 188
183.5266 4808.0 188
183.8727 4808.0 188
184.2023 4800.0 188
184.5428 4768.0 188
184.8724 4768.0 188
185.2185 4776.0 188
185.5426 4760.0 188
185.8887 4736.0 188
186.2183 4760.0 188
186.5588 4744.0 188
186.8884 4728.0 188
187.2290 4760.0 188
187.5586 4728.0 188
187.9047 4688.0 188
188.2343 4656.0 188
188.5748 4568.0 188
188.9044 4248.0 188
189.2450 4200.0 188
189.6405 4052.0 188
189.9811 3864.0 188
190.3107 3720.0 188
190.6512 3608.0 188
191.0468 3440.0 188
191.3708 3108.0 188
191.7169 3096.0 188
192.1069 3040.0 188
192.4365 2948.0 188
192.7771 2856.0 188
193.1067 2772.0 188
193.4967 2696.0 188
193.8428 2628.0 188
194.1669 2548.0 188
194.5129 2476.0 188
194.9030 2416.0 188
195.2325 2352.0 188
195.5731 2292.0 188
195.9686 2228.0 188
196.2927 2164.0 188
196.6388 2112.0 188
196.9684 2072.0 188
197.3749 2032.0 188
197.6990 1998.0 188
198.0450 1950.0 188
198.3746 1894.0 188
198.7646 1856.0 188
199.1052 1818.0 188
199.4348 1786.0 188
199.8248 1750.0 188
200.1709 1718.0 188
200.4950 1688.0 188
200.8411 1654.0 188
201.2311 1630.0 188
201.5607 1614.0 188
201.9012 1586.0 188
202.2308 1556.0 188
202.6208 1526.0 188
202.9669 1492.0 188
203.2965 1468.0 188
203.6371 1448.0 188
204.0271 1426.0 188
204.3567 1402.0 188
204.7028 1382.0 188
205.0269 1368.0 188
205.4169 1350.0 188
205.7629 1334.0 188
206.0925 1314.0 188
206.4331 1296.0 188
206.8231 1280.0 188
207.1692 1260.0 188
207.4988 1242.0 188
207.8888 1226.0 188
208.2294 1212.0 188
208.5590 1200.0 188
208.9050 1188.0 188
209.2291 1172.0 188
209.6246 1160.0 188
209.9652 1148.0 188
210.2948 1134.0 188
210.6354 1124.0 188
211.0309 1116.0 188
211.3550 1108.0 188
212.0306 1106.0 188
297.4493 642.0 188
297.7789 642.0 188
298.1250 642.0 188
298.4491 640.0 188
298.7952 640.0 188
299.1248 640.0 188
299.4653 638.0 188
299.7949 638.0 188
300.1355 636.0 188
300.4816 636.0 188
300.8112 636.0 188
301.1517 636.0 188
301.4813 636.0 188
301.8274 636.0 188
302.1515 636.0 188
302.4976 638.0 188
302.8271 638.0 188
303.1677 642.0 188
303.4973 646.0 188
303.7775 648.0 188
304.1235 650.0 188
304.4641 650.0 188
304.7937 652.0 188
305.1398 652.0 188
305.4639 656.0 188
305.8099 658.0 188
306.1395 658.0 188
306.4801 660.0 188
306.8097 664.0 188
307.1558 664.0 188
307.4359 668.0 188
307.7655 670.0 188
308.1061 672.0 188
308.4521 676.0 188
308.7762 678.0 188
309.1223 682.0 188
309.4025 686.0 188
309.7321 690.0 188
310.0781 694.0 188
310.4022 696.0 188
310.7483 698.0 188
311.0779 702.0 188
311.3580 706.0 188
311.6986 710.0 188
312.0282 712.0 188
312.3743 716.0 188
312.7148 720.0 188
313.0444 722.0 188
313.3246 726.0 188
313.6707 730.0 188
313.9948 734.0 188
314.3408 738.0 188
314.6704 742.0 188
314.9506 746.0 188
315.2966 752.0 188
315.6207 758.0 188
315.9668 762.0 188
316.3074 768.0 188
316.5930 774.0 188
316.9171 778.0 188
317.2632 786.0 188
317.5433 794.0 188
317.8729 800.0 188
318.2135 806.0 188
318.5431 812.0 188
318.8892 818.0 188
319.1693 824.0 188
319.4989 830.0 188
319.8395 836.0 188
320.1691 842.0 188
320.4492 850.0 188
320.7953 856.0 188
321.1249 860.0 188
321.4655 868.0 188
321.8115 874.0 188
322.0917 880.0 188
322.4213 884.0 188
322.7618 890.0 188
323.0914 896.0 188
323.4375 900.0 188
323.7616 908.0 188
324.0417 916.0 188
324.3878 924.0 188
324.7174 934.0 188
325.0580 942.0 188
325.3436 948.0 188
325.6677 954.0 188
326.0138 962.0 188
326.3544 972.0 188
326.6840 982.0 188
326.9641 992.0 188
327.3102 1002.0 188
327.6398 1012.0 188
327.9803 1018.0 188
328.2605 1028.0 188
328.5901 1036.0 188
328.9362 1044.0 188
329.2603 1060.0 188
329.5459 1072.0 188
329.8865 1082.0 188
330.2161 1092.0 188
330.5621 1102.0 188
330.9027 1110.0 188
331.1829 1120.0 188
331.5125 1132.0 188
331.8585 1146.0 188
332.1826 1162.0 188
332.4683 1178.0 188
332.8088 1188.0 188
333.1384 1202.0 188
333.4790 1216.0 188
333.7646 1230.0 188
334.0887 1246.0 188
334.4348 1256.0 188
334.7644 1266.0 188
335.1050 1280.0 188
335.3906 1298.0 188
335.7312 1316.0 188
336.0608 1332.0 188
336.4014 1348.0 188
336.6870 1368.0 188
337.0111 1386.0 188
337.3572 1406.0 188
337.6868 1426.0 188
337.9669 1452.0 188
338.3075 1484.0 188
338.6371 1512.0 188
338.9832 1536.0 188
339.2633 1558.0 188
339.5929 1582.0 188
339.9335 1604.0 188
340.2631 1624.0 188
340.5432 1654.0 188
340.8893 1680.0 188
341.2299 1714.0 188
341.5594 1750.0 188
341.8396 1792.0 188
342.1857 1828.0 188
342.5153 1856.0 188
342.7954 1894.0 188
343.1360 1928.0 188
343.4656 1956.0 188
343.8116 1994.0 188
344.1357 2040.0 188
344.4214 2084.0 188
344.7620 2132.0 188
345.0916 2176.0 188
345.4321 2212.0 188
345.7178 2260.0 188
346.0419 2316.0 188
346.3879 2380.0 188
346.7175 2428.0 188
346.9977 2480.0 188
347.3438 2552.0 188
347.6678 2616.0 188
348.0139 2688.0 188
348.2941 2764.0 188
348.6237 2828.0 188
348.9642 2888.0 188
349.2938 2972.0 188
349.5740 3076.0 188
349.9036 3172.0 188
350.2496 3248.0 188
350.5737 3288.0 188
350.9198 3304.0 188
351.2494 3296.0 188
351.5900 3308.0 188
351.9196 3340.0 188
