#RPLIDAR SCAN DATA
#COUNT=596
#Angule	Distance	Quality
352.1558 4376.0 188
352.4799 4416.0 188
352.8259 4448.0 188
353.1555 4808.0 188
353.4357 4920.0 188
353.7762 5240.0 188
354.1058 5192.0 188
354.4519 5136.0 188
354.7760 5120.0 188
355.1221 5112.0 188
355.4517 5104.0 188
355.7922 5088.0 188
356.1218 5104.0 188
356.4679 5112.0 188
356.7920 5088.0 188
357.1216 5088.0 188
357.4677 5096.0 188
357.7917 5056.0 188
358.1378 5128.0 188
358.4674 5224.0 188
358.8080 5224.0 188
359.1376 5272.0 188
359.4836 5360.0 188
359.8077 5464.0 188
0.1538 5536.0 188
0.4834 5576.0 188
0.8240 5592.0 188
1.1536 5624.0 188
1.4996 5688.0 188
1.8237 5752.0 188
2.1698 5736.0 188
2.4994 5704.0 188
2.8400 5744.0 188
3.1696 5744.0 188
3.5156 5744.0 188
3.8397 5784.0 188
4.1858 5776.0 188
4.5154 5720.0 188
4.8395 5728.0 188
5.1855 5792.0 188
5.5151 5816.0 188
5.8557 5824.0 188
6.1853 5848.0 188
6.5259 5864.0 188
6.8555 5904.0 188
7.2015 5888.0 188
7.5311 5888.0 188
7.8717 5904.0 188
8.2013 5896.0 188
8.5419 5944.0 188
8.8715 5976.0 188
9.2175 5936.0 188
9.5416 5904.0 188
9.8877 5912.0 188
10.2173 5936.0 188
10.5579 5952.0 188
10.8875 5936.0 188
11.2335 5928.0 188
11.5576 5816.0 188
11.9037 5744.0 188
12.2333 5752.0 188
12.5574 5760.0 188
12.9034 5744.0 188
13.2330 5736.0 188
13.5736 5744.0 188
13.9032 5744.0 188
14.2493 5712.0 188
14.5734 5656.0 188
14.9194 5640.0 188
15.2490 5640.0 188
15.5896 5656.0 188
15.9192 5672.0 188
16.2653 5664.0 188
16.5894 5680.0 188
16.9354 5680.0 188
17.2650 5736.0 188
17.6056 5752.0 188
17.9352 5720.0 188
18.2813 5736.0 188
18.6053 5728.0 188
18.9514 5728.0 188
19.2810 5720.0 188
19.6216 5728.0 188
19.9512 5712.0 188
20.2808 5720.0 188
20.6213 5768.0 188
20.9509 5776.0 188
21.2915 5752.0 188
21.6211 5760.0 188
21.9672 5784.0 188
22.2968 5768.0 188
22.6373 5808.0 188
22.9669 5816.0 188
23.3075 5792.0 188
23.6371 5816.0 188
23.9832 5848.0 188
24.3237 5848.0 188
24.6533 5864.0 188
24.9994 5904.0 188
25.3235 5984.0 188
25.6696 6072.0 188
25.9991 6048.0 188
26.3397 6032.0 188
26.6693 6096.0 188
27.0154 6128.0 188
27.2955 6152.0 188
27.6361 6192.0 188
27.9657 6200.0 188
28.3118 6184.0 188
28.6359 6248.0 188
28.9819 6272.0 188
29.3115 6232.0 188
29.6521 6256.0 188
29.9982 6288.0 188
30.3278 6320.0 188
30.6683 6304.0 188
30.9979 6304.0 188
31.3385 6368.0 188
31.6681 6400.0 188
32.0142 6416.0 188
32.3438 6400.0 188
32.6843 6384.0 188
33.0304 6448.0 188
33.3545 6496.0 188
33.7006 6584.0 188
34.0302 6656.0 188
34.3707 6696.0 188
34.7003 6728.0 188
35.0464 6720.0 188
35.3870 6736.0 188
35.7166 6808.0 188
36.0571 6856.0 188
36.3867 6856.0 188
36.7328 6888.0 188
37.0624 6896.0 188
37.4030 6880.0 188
37.7325 6880.0 188
38.0731 6928.0 188
38.4192 6920.0 188
38.7488 6864.0 188
39.0894 6880.0 188
39.4189 6896.0 188
39.7650 6912.0 188
40.0891 6920.0 188
40.4352 6896.0 188
40.7813 6928.0 188
41.1053 6960.0 188
41.4514 6968.0 188
41.7810 6984.0 188
42.1216 6976.0 188
42.4512 6976.0 188
42.7917 6984.0 188
43.1213 6984.0 188
43.4674 6984.0 188
43.8080 6968.0 188
44.1376 6952.0 188
44.4836 6984.0 188
44.8077 7008.0 188
45.1538 6976.0 188
45.4834 6968.0 188
45.8240 6936.0 188
46.1700 6920.0 188
46.4996 6920.0 188
46.8402 6904.0 188
47.1698 6896.0 188
47.5104 6896.0 188
47.8400 6896.0 188
48.1860 6880.0 188
48.5156 6880.0 188
48.8562 6896.0 188
49.2023 6904.0 188
49.5264 6904.0 188
49.8724 6888.0 188
50.2020 6936.0 188
50.5426 7000.0 188
50.8722 7024.0 188
51.2183 7032.0 188
51.5588 7080.0 188
51.8884 7136.0 188
52.2290 7208.0 188
52.5586 7256.0 188
52.9047 7240.0 188
53.2343 7376.0 188
53.5748 6576.0 188
53.9648 5800.0 188
54.3109 5720.0 188
54.6405 5648.0 188
54.9811 5624.0 188
55.3107 5624.0 188
55.6512 5688.0 188
55.9808 5776.0 188
56.3269 5816.0 188
56.6675 5912.0 188
56.9971 6056.0 188
57.3431 6112.0 188
57.6672 6120.0 188
58.0133 6112.0 188
58.3594 6112.0 188
58.6835 6136.0 188
58.9636 6168.0 188
59.3097 6184.0 188
59.6558 6216.0 188
59.9799 6344.0 188
60.3259 6536.0 188
60.6555 6584.0 188
60.9961 6544.0 188
61.3422 6520.0 188
61.6718 6512.0 188
62.0123 6584.0 188
62.3419 6656.0 188
62.6825 6688.0 188
63.0286 6776.0 188
63.3582 6936.0 188
63.6987 7024.0 188
64.0283 7064.0 188
64.7150 7752.0 188
65.0446 7712.0 188
65.3906 7752.0 188
65.7147 7928.0 188
65.9949 8256.0 188
66.3409 8216.0 188
66.7310 8192.0 188
67.0770 8160.0 188
67.4011 7560.0 188
67.7472 7496.0 188
68.0933 7440.0 188
68.4174 7416.0 188
68.7634 7432.0 188
69.0930 7480.0 188
69.7797 7832.0 188
70.3894 8560.0 188
70.7300 8656.0 188
71.0596 8808.0 188
71.4056 8856.0 188
71.7462 9520.0 188
72.0758 9616.0 188
72.4219 9672.0 188
72.7460 9656.0 188
73.0920 9752.0 188
73.4326 9688.0 188
73.7622 9464.0 188
74.1083 9088.0 188
74.4324 8704.0 188
74.8389 7968.0 188
75.1685 7984.0 188
75.4486 8464.0 188
75.7947 8552.0 188
76.1353 8688.0 188
76.4648 8712.0 188
76.8109 8624.0 188
77.1405 8528.0 188
77.4811 8520.0 188
77.8271 8464.0 188
78.1512 8400.0 188
78.4973 8400.0 188
78.8269 8440.0 188
79.1675 8560.0 188
79.5135 8616.0 188
79.8431 8552.0 188
80.1837 8592.0 188
80.5133 8584.0 188
80.8594 8488.0 188
81.2000 8416.0 188
81.5295 8336.0 188
81.8701 8320.0 188
82.2656 8192.0 188
82.6062 8072.0 188
82.9358 8072.0 188
83.2159 8824.0 188
83.6060 8184.0 188
83.8861 8792.0 188
84.2322 8856.0 188
84.5728 8936.0 188
84.9023 8896.0 188
85.2484 8584.0 188
85.5780 8560.0 188
85.9186 8496.0 188
86.2646 8384.0 188
86.5887 8344.0 188
86.9348 8312.0 188
87.3248 7912.0 188
87.6709 7784.0 188
87.9950 7600.0 188
88.3411 7512.0 188
88.6707 7568.0 188
89.0112 7560.0 188
89.3408 7600.0 188
89.6869 7696.0 188
90.0110 7680.0 188
90.3571 7664.0 188
90.7031 7672.0 188
91.0272 7696.0 188
91.3733 7696.0 188
91.7029 7728.0 188
92.0435 7784.0 188
92.3730 7872.0 188
92.7136 7968.0 188
92.9993 9144.0 188
93.3234 9240.0 188
93.6694 9240.0 188
93.9990 9216.0 188
94.3396 9176.0 188
94.6692 9088.0 188
95.0153 9008.0 188
96.0150 8928.0 188
98.0420 10064.0 188
98.7177 10424.0 188
99.0417 10408.0 188
99.3878 10304.0 188
99.7174 10256.0 188
100.0580 10296.0 188
100.3876 10352.0 188
101.0577 10448.0 188
101.4038 10520.0 188
102.0740 10592.0 188
102.4200 10680.0 188
102.7496 10712.0 188
103.0902 10720.0 188
103.4198 10752.0 188
103.7604 10824.0 188
104.0900 10840.0 188
104.4360 10792.0 188
105.1062 10704.0 188
106.1060 10760.0 188
106.7761 10760.0 188
107.1222 10696.0 188
107.4683 10392.0 188
107.7924 10280.0 188
108.1384 10288.0 188
108.4680 10480.0 188
108.8086 10464.0 188
109.1382 10480.0 188
110.8246 11736.0 188
111.1542 11720.0 188
112.1704 11704.0 188
113.1866 11776.0 188
113.5107 11904.0 188
113.8568 11784.0 188
114.1864 11704.0 188
114.5270 11800.0 188
114.8566 11824.0 188
115.2026 11752.0 188
115.5267 11680.0 188
115.8728 11768.0 188
116.2024 11856.0 188
116.5430 11872.0 188
116.8726 11816.0 188
117.2186 11856.0 188
117.5427 11816.0 188
117.8888 11680.0 188
118.2294 11728.0 188
119.2291 11832.0 188
119.5752 11912.0 188
120.2454 11992.0 188
120.5310 12392.0 188
120.9210 12000.0 188
121.2012 12320.0 188
122.2614 12224.0 188
187.2784 4248.0 188
187.6245 4112.0 188
188.0145 3952.0 188
188.3386 3876.0 188
188.6847 3796.0 188
189.0308 3708.0 188
189.3549 3604.0 188
189.7449 3512.0 188
190.0909 3420.0 188
190.4205 3308.0 188
190.7611 3188.0 188
191.0907 3076.0 188
191.4807 2980.0 188
191.8268 2900.0 188
192.1674 2808.0 188
192.4969 2736.0 188
192.8870 2672.0 188
193.2330 2588.0 188
193.5571 2520.0 188
193.9032 2468.0 188
194.2932 2412.0 188
194.6228 2340.0 188
194.9634 2276.0 188
195.3589 2228.0 188
195.6995 2176.0 188
196.0291 2124.0 188
196.3696 2080.0 188
196.7651 2032.0 188
197.0892 1986.0 188
197.4353 1942.0 188
197.7759 1900.0 188
198.1714 1864.0 188
198.4955 1834.0 188
198.8416 1794.0 188
199.2316 1754.0 188
199.5612 1722.0 188
199.9017 1694.0 188
200.2313 1666.0 188
200.6378 1636.0 188
200.9674 1608.0 188
201.3080 1578.0 188
201.6376 1546.0 188
202.0276 1522.0 188
202.3737 1502.0 188
202.6978 1484.0 188
203.0438 1458.0 188
203.4338 1434.0 188
203.7799 1414.0 188
204.1040 1394.0 188
204.4501 1378.0 188
204.8401 1358.0 188
205.1697 1340.0 188
205.5103 1324.0 188
205.8398 1308.0 188
206.2463 1288.0 188
206.5759 1268.0 188
206.9165 1252.0 188
207.2461 1234.0 188
207.6361 1220.0 188
207.9822 1208.0 188
208.3118 1192.0 188
208.6523 1178.0 188
209.0424 1166.0 188
209.3884 1152.0 188
209.7180 1138.0 188
210.0586 1126.0 188
210.3882 1120.0 188
210.7782 1114.0 188
211.1243 1104.0 188
212.1405 1096.0 188
297.4219 644.0 188
297.7460 644.0 188
298.0920 642.0 188
298.4326 642.0 188
298.7622 642.0 188
299.1083 642.0 188
299.4324 640.0 188
299.7784 640.0 188
300.1245 638.0 188
300.4486 638.0 188
300.7947 640.0 188
301.1243 638.0 188
301.4648 638.0 188
301.8109 638.0 188
302.1405 638.0 188
302.4811 638.0 188
302.8107 640.0 188
303.1512 644.0 188
303.4973 644.0 188
303.8269 646.0 188
304.1071 648.0 188
304.4531 650.0 188
304.7772 652.0 188
305.1233 654.0 188
305.4639 656.0 188
305.7935 658.0 188
306.1395 662.0 188
306.4636 664.0 188
306.7493 666.0 188
307.0898 668.0 188
307.4359 670.0 188
307.7655 672.0 188
308.1061 676.0 188
308.4521 678.0 188
308.7762 680.0 188
309.0619 684.0 188
309.4025 688.0 188
309.7321 690.0 188
310.0781 694.0 188
310.4187 698.0 188
310.6989 704.0 188
311.0284 710.0 188
311.3745 712.0 188
311.6986 716.0 188
312.0447 720.0 188
312.3248 724.0 188
312.6709 726.0 188
312.9950 728.0 188
313.3411 732.0 188
313.6707 736.0 188
314.0112 738.0 188
314.3573 742.0 188
314.6375 748.0 188
314.9670 752.0 188
315.3076 758.0 188
315.6372 766.0 188
315.9338 772.0 188
316.2634 778.0 188
316.6040 784.0 188
316.9336 790.0 188
317.2137 798.0 188
317.5598 802.0 188
317.8894 808.0 188
318.2300 814.0 188
318.5596 818.0 188
318.8397 824.0 188
319.1858 830.0 188
319.5154 836.0 188
319.8560 840.0 188
320.1855 846.0 188
320.4657 854.0 188
320.8118 864.0 188
321.1359 874.0 188
321.4215 882.0 188
321.7621 890.0 188
322.0917 894.0 188
322.4323 900.0 188
322.7618 908.0 188
323.0420 914.0 188
323.3881 920.0 188
323.7177 928.0 188
324.0582 936.0 188
324.3878 942.0 188
324.6680 950.0 188
325.0140 956.0 188
325.3436 964.0 188
325.6842 972.0 188
326.0303 980.0 188
326.2939 990.0 188
326.6400 1000.0 188
326.9806 1010.0 188
327.3102 1020.0 188
327.5903 1030.0 188
327.9364 1038.0 188
328.2605 1048.0 188
328.6066 1060.0 188
328.8867 1070.0 188
329.2163 1078.0 188
329.5624 1090.0 188
329.8865 1100.0 188
330.2325 1110.0 188
330.5127 1120.0 188
330.8423 1132.0 188
331.1829 1146.0 188
331.5125 1160.0 188
331.7926 1172.0 188
332.1387 1184.0 188
332.4683 1198.0 188
332.8088 1210.0 188
333.1384 1224.0 188
333.4186 1240.0 188
333.7646 1252.0 188
334.0887 1266.0 188
334.4348 1280.0 188
334.7644 1292.0 188
335.0446 1306.0 188
335.3906 1322.0 188
335.7147 1340.0 188
336.0608 1354.0 188
336.3409 1372.0 188
336.6705 1392.0 188
337.0111 1416.0 188
337.3407 1440.0 188
337.6208 1468.0 188
337.9669 1488.0 188
338.2965 1506.0 188
338.6371 1534.0 188
338.9172 1564.0 188
339.2468 1594.0 188
339.5929 1624.0 188
339.8730 1648.0 188
340.2136 1674.0 188
340.5432 1700.0 188
340.8893 1740.0 188
341.1694 1790.0 188
341.4990 1820.0 188
341.8396 1850.0 188
342.1692 1884.0 188
342.4493 1920.0 188
342.7954 1954.0 188
343.1250 1984.0 188
343.4656 2026.0 188
343.7457 2064.0 188
344.0753 2100.0 188
344.4214 2148.0 188
344.7455 2200.0 188
345.0311 2244.0 188
345.3717 2304.0 188
345.7013 2356.0 188
346.0419 2404.0 188
346.3275 2484.0 188
346.6516 2564.0 188
346.9977 2624.0 188
347.3273 2692.0 188
347.6074 2764.0 188
347.9480 2844.0 188
348.2776 2928.0 188
348.6237 3008.0 188
348.9038 3112.0 188
349.2334 3224.0 188
349.5740 3340.0 188
349.9036 3456.0 188
350.1837 3600.0 188
350.5298 3764.0 188
350.8594 3924.0 188
351.2000 4060.0 188
351.4801 4104.0 188
351.8097 4232.0 188
