#RPLIDAR SCAN DATA
#COUNT=605
#Angule	Distance	Quality
352.0624 4872.0 188
352.3425 5280.0 188
352.6831 5368.0 188
353.0292 5536.0 188
353.3588 5568.0 188
353.6993 5504.0 188
354.0289 5520.0 188
354.3750 5528.0 188
354.7156 5560.0 188
355.0452 5592.0 188
355.3857 5616.0 188
355.7153 5648.0 188
356.0614 5632.0 188
356.4020 5664.0 188
356.7316 5696.0 188
357.0776 5704.0 188
357.4017 5664.0 188
357.7478 5664.0 188
358.0884 5696.0 188
358.4180 5672.0 188
358.7640 5688.0 188
359.0936 5696.0 188
359.4342 5656.0 188
359.7803 5664.0 188
0.1044 5696.0 188
0.4504 5688.0 188
0.7800 5632.0 188
1.1206 5664.0 188
1.4502 5704.0 188
1.7963 5688.0 188
2.1368 5680.0 188
2.4664 5672.0 188
2.8125 5680.0 188
3.1366 5688.0 188
3.4827 5720.0 188
3.8123 5768.0 188
4.1528 5856.0 188
4.4824 6000.0 188
4.8230 6088.0 188
5.1526 6088.0 188
5.4987 6120.0 188
5.7788 6192.0 188
6.1084 6232.0 188
6.4490 6296.0 188
6.7950 6352.0 188
7.1246 6368.0 188
7.4652 6376.0 188
7.7948 6368.0 188
8.4650 6320.0 188
8.8110 6240.0 188
9.1406 6184.0 188
9.5306 6136.0 188
9.8712 6120.0 188
10.2008 6088.0 188
10.5469 6048.0 188
10.8710 6040.0 188
11.2170 6064.0 188
11.5466 6080.0 188
11.8872 6024.0 188
12.2168 5960.0 188
12.5574 5936.0 188
12.8870 5968.0 188
13.2330 5992.0 188
13.5736 5992.0 188
13.9032 5984.0 188
14.2493 5992.0 188
14.5734 5992.0 188
14.9194 5992.0 188
15.2490 5992.0 188
15.5896 5984.0 188
15.9192 6008.0 188
16.2653 6024.0 188
16.5894 5984.0 188
16.9354 5968.0 188
17.2650 5984.0 188
17.6056 5984.0 188
17.9352 5976.0 188
18.2813 5976.0 188
18.6053 5968.0 188
18.9514 5968.0 188
19.2810 5960.0 188
19.6216 5928.0 188
19.9512 5936.0 188
20.2917 5952.0 188
20.6213 5944.0 188
20.9674 5968.0 188
21.2915 6024.0 188
21.6376 6032.0 188
21.9836 5976.0 188
22.3077 6000.0 188
22.6538 6032.0 188
22.9834 6048.0 188
23.3240 6064.0 188
23.6536 6056.0 188
23.9996 6064.0 188
24.3237 6112.0 188
24.6094 6168.0 188
24.9500 6168.0 188
25.2795 6160.0 188
25.6201 6216.0 188
25.9497 6280.0 188
26.2958 6328.0 188
26.6199 6360.0 188
26.9659 6400.0 188
27.2955 6416.0 188
27.6361 6448.0 188
27.9657 6496.0 188
28.3118 6456.0 188
28.6359 6448.0 188
28.9819 6440.0 188
29.3115 6432.0 188
29.6521 6448.0 188
29.9817 6456.0 188
30.3278 6456.0 188
30.6519 6480.0 188
30.9979 6552.0 188
31.3385 6624.0 188
31.6681 6704.0 188
32.0142 6736.0 188
32.3438 6736.0 188
32.6843 6728.0 188
33.0139 6720.0 188
33.3545 6768.0 188
33.6841 6808.0 188
34.0302 6816.0 188
34.3542 6800.0 188
34.7003 6792.0 188
35.0299 6816.0 188
35.3705 6840.0 188
35.7001 6864.0 188
36.0461 6936.0 188
36.3867 6944.0 188
36.7163 6952.0 188
37.0624 7008.0 188
37.3865 6992.0 188
37.7325 7024.0 188
38.0731 7032.0 188
38.4027 6992.0 188
38.7488 6992.0 188
39.0729 7008.0 188
39.4189 7032.0 188
39.7650 7072.0 188
40.0891 7056.0 188
40.4352 7024.0 188
40.7648 7032.0 188
41.1053 7056.0 188
41.4514 7048.0 188
41.7810 7024.0 188
42.1216 7048.0 188
42.4512 7056.0 188
42.7917 7048.0 188
43.1378 7024.0 188
43.4674 7032.0 188
43.8080 7072.0 188
44.1376 7104.0 188
44.4836 7096.0 188
44.8077 7080.0 188
45.1538 7088.0 188
45.4999 7088.0 188
45.8240 7096.0 188
46.1700 7056.0 188
46.4996 7072.0 188
46.8402 7088.0 188
47.1863 7032.0 188
47.5104 7000.0 188
47.8564 7008.0 188
48.1860 7016.0 188
48.5266 6976.0 188
48.8727 6960.0 188
49.2023 6992.0 188
49.5428 7016.0 188
49.8724 7120.0 188
50.2185 7240.0 188
50.5591 7296.0 188
50.8887 7352.0 188
51.2292 7408.0 188
51.5588 7544.0 188
51.9049 7616.0 188
52.2455 7624.0 188
52.5751 7688.0 188
52.9211 7768.0 188
53.2452 7832.0 188
53.5913 7896.0 188
53.9374 7992.0 188
54.2615 8040.0 188
54.6515 6016.0 188
54.9976 5944.0 188
55.3271 5416.0 188
55.6677 5416.0 188
56.0138 5400.0 188
56.3434 5424.0 188
56.6840 5504.0 188
57.0135 5624.0 188
57.3541 5728.0 188
57.7002 5776.0 188
58.0298 5800.0 188
58.3704 5840.0 188
58.7000 5904.0 188
59.0460 5968.0 188
59.3866 6048.0 188
59.7162 6144.0 188
59.9963 6520.0 188
60.3424 6528.0 188
60.6665 6512.0 188
61.0126 6552.0 188
61.3586 6552.0 188
61.6827 6584.0 188
62.0288 6712.0 188
62.3584 6824.0 188
62.6990 6880.0 188
63.0450 6880.0 188
63.3746 6976.0 188
63.7152 7024.0 188
64.3854 7024.0 188
64.7314 7144.0 188
65.4016 7304.0 188
65.7312 7712.0 188
66.0773 7704.0 188
66.4014 7760.0 188
66.7474 7736.0 188
67.0935 7656.0 188
67.4176 8032.0 188
67.7637 8056.0 188
68.0933 8080.0 188
68.4338 8088.0 188
68.7799 8096.0 188
69.0601 8416.0 188
69.3896 8408.0 188
69.7302 8440.0 188
70.0598 8512.0 188
70.4059 8568.0 188
70.7300 8632.0 188
71.0760 8584.0 188
71.4166 8608.0 188
71.7462 8672.0 188
72.0923 8576.0 188
72.4219 8592.0 188
72.7625 8576.0 188
73.0920 8576.0 188
73.4326 8528.0 188
74.1083 8416.0 188
74.4489 8352.0 188
74.7784 8256.0 188
75.1685 8152.0 188
75.5145 8144.0 188
75.8551 8136.0 188
76.1847 8104.0 188
76.5308 8128.0 188
76.8549 8104.0 188
77.2009 8128.0 188
77.5305 8136.0 188
77.8107 8200.0 188
78.1512 8296.0 188
78.4973 8352.0 188
78.8269 8456.0 188
79.1675 8432.0 188
79.4971 8416.0 188
79.8431 8440.0 188
80.1672 8408.0 188
80.5133 8472.0 188
80.8594 8384.0 188
81.2494 8080.0 188
81.5735 8136.0 188
81.8591 8224.0 188
82.1997 8936.0 188
82.5293 9008.0 188
82.8699 9072.0 188
83.2159 9088.0 188
83.5455 9120.0 188
83.8861 9112.0 188
84.2157 9152.0 188
84.5618 9240.0 188
84.8859 9192.0 188
85.2319 9008.0 188
85.5780 8848.0 188
85.9021 8504.0 188
86.2482 8440.0 188
86.5778 8416.0 188
86.9183 8376.0 188
87.2479 8208.0 188
87.6544 7768.0 188
87.9840 7704.0 188
88.3246 7576.0 188
88.6542 7544.0 188
88.9948 7528.0 188
89.3243 7592.0 188
89.6704 7696.0 188
90.0110 7688.0 188
90.3406 7656.0 188
90.6866 7632.0 188
91.0107 7632.0 188
91.3568 7664.0 188
91.6864 7736.0 188
92.3730 7904.0 188
92.7026 7976.0 188
92.9828 8864.0 188
93.3234 9400.0 188
93.6530 9368.0 188
93.9990 9256.0 188
94.3231 9160.0 188
94.6692 9080.0 188
95.0153 8968.0 188
95.3394 8320.0 188
95.6854 8200.0 188
96.7456 8080.0 188
98.0420 10272.0 188
98.7177 10344.0 188
99.0417 10376.0 188
99.3878 10368.0 188
99.7339 10416.0 188
100.0580 10536.0 188
100.4041 10552.0 188
100.7336 10536.0 188
101.0742 10656.0 188
101.7499 10720.0 188
102.0740 10648.0 188
102.4200 10688.0 188
102.7496 10712.0 188
103.0737 10592.0 188
103.4198 10600.0 188
103.7494 10616.0 188
104.0900 10656.0 188
104.4196 10824.0 188
104.7656 10856.0 188
105.0897 10712.0 188
105.4358 10696.0 188
105.7654 10632.0 188
106.1060 10624.0 188
106.4355 10656.0 188
106.7761 10624.0 188
107.1057 10688.0 188
107.4518 10568.0 188
107.7759 10504.0 188
108.1219 10672.0 188
108.4515 10664.0 188
108.7921 10616.0 188
109.1217 10576.0 188
109.4678 10504.0 188
109.7919 10448.0 188
110.4675 11456.0 188
110.7916 11384.0 188
111.1377 11456.0 188
111.4673 11480.0 188
111.8079 11520.0 188
112.1375 11600.0 188
112.4835 11672.0 188
112.8076 11752.0 188
113.1537 11680.0 188
113.4833 11704.0 188
113.8239 11560.0 188
114.1534 11456.0 188
114.4995 11480.0 188
114.8236 11600.0 188
115.8398 11728.0 188
116.5155 11808.0 188
116.8396 11824.0 188
118.8556 11760.0 188
119.5313 11800.0 188
119.8553 11760.0 188
120.2014 11704.0 188
120.5310 11672.0 188
120.8716 11984.0 188
121.2012 12048.0 188
121.8713 12128.0 188
124.9036 12208.0 188
125.9033 12168.0 188
187.2180 4256.0 188
187.5421 4184.0 188
187.9486 4016.0 188
188.2782 3712.0 188
188.6078 3644.0 188
188.9484 3516.0 188
189.3384 3356.0 188
189.6680 3232.0 188
190.0140 3184.0 188
190.3436 3132.0 188
190.7446 3060.0 188
191.0742 2984.0 188
191.4038 2908.0 188
191.7499 2832.0 188
192.0740 2756.0 188
192.4640 2696.0 188
192.8101 2636.0 188
193.1396 2556.0 188
193.4802 2480.0 188
193.8702 2408.0 188
194.1998 2344.0 188
194.5459 2284.0 188
194.9359 2228.0 188
195.2655 2176.0 188
195.6061 2124.0 188
195.9357 2080.0 188
196.3257 2032.0 188
196.6718 1998.0 188
197.0123 1954.0 188
197.3419 1904.0 188
197.7319 1872.0 188
198.0780 1840.0 188
198.4021 1798.0 188
198.7482 1766.0 188
199.1382 1738.0 188
199.4843 1704.0 188
199.8083 1676.0 188
200.1544 1650.0 188
200.5444 1620.0 188
200.8740 1596.0 188
201.2146 1574.0 188
201.5442 1548.0 188
201.9507 1520.0 188
202.2803 1502.0 188
202.6208 1480.0 188
202.9504 1456.0 188
203.3405 1432.0 188
203.6865 1408.0 188
204.0106 1392.0 188
204.3567 1374.0 188
204.7467 1354.0 188
205.0928 1334.0 188
205.4169 1318.0 188
205.7629 1296.0 188
206.1530 1278.0 188
206.4825 1260.0 188
206.8231 1238.0 188
207.2186 1220.0 188
207.5592 1206.0 188
207.8888 1194.0 188
208.2294 1182.0 188
208.6249 1170.0 188
208.9490 1158.0 188
209.2950 1148.0 188
209.6356 1140.0 188
209.9652 1130.0 188
210.3113 1120.0 188
210.7013 1112.0 188
211.0309 1100.0 188
211.3715 1096.0 188
211.7010 1096.0 188
297.4493 644.0 188
297.7954 646.0 188
298.1250 644.0 188
298.4656 644.0 188
298.7952 644.0 188
299.1357 642.0 188
299.4653 642.0 188
299.8114 644.0 188
300.1520 642.0 188
300.4816 642.0 188
300.8276 642.0 188
301.1517 642.0 188
301.4978 642.0 188
301.8274 642.0 188
302.1680 640.0 188
302.5140 640.0 188
302.8436 644.0 188
303.1842 646.0 188
303.4644 648.0 188
303.7939 650.0 188
304.1400 652.0 188
304.4641 656.0 188
304.8102 658.0 188
305.1563 660.0 188
305.4803 660.0 188
305.8264 662.0 188
306.1560 664.0 188
306.4362 668.0 188
306.7767 668.0 188
307.1063 672.0 188
307.4524 674.0 188
307.7930 676.0 188
308.1226 680.0 188
308.4027 686.0 188
308.7488 688.0 188
309.0729 692.0 188
309.4189 696.0 188
309.7485 700.0 188
310.0287 704.0 188
310.3748 708.0 188
310.7153 710.0 188
311.0449 714.0 188
311.3855 718.0 188
311.6711 724.0 188
311.9952 730.0 188
312.3413 736.0 188
312.6709 740.0 188
312.9510 746.0 188
313.2916 750.0 188
313.6377 756.0 188
313.9673 758.0 188
314.3079 762.0 188
314.6375 766.0 188
314.9176 770.0 188
315.2637 774.0 188
315.5933 780.0 188
315.9338 784.0 188
316.2799 788.0 188
316.6040 792.0 188
316.8896 798.0 188
317.2302 802.0 188
317.5598 810.0 188
317.9059 818.0 188
318.1860 824.0 188
318.5156 830.0 188
318.8562 836.0 188
319.2023 842.0 188
319.4824 850.0 188
319.8120 856.0 188
320.1526 864.0 188
320.4822 870.0 188
320.8228 878.0 188
321.1084 884.0 188
321.4325 890.0 188
321.7786 896.0 188
322.1246 904.0 188
322.4487 908.0 188
322.7344 916.0 188
323.0750 924.0 188
323.4045 928.0 188
323.7451 936.0 188
324.0747 942.0 188
324.3549 948.0 188
324.7009 956.0 188
325.0415 964.0 188
325.3711 972.0 188
325.7172 982.0 188
325.9973 992.0 188
326.3269 1002.0 188
326.6675 1010.0 188
326.9971 1022.0 188
327.2772 1034.0 188
327.6233 1044.0 188
327.9529 1052.0 188
328.2935 1060.0 188
328.5736 1070.0 188
328.9032 1080.0 188
329.2493 1092.0 188
329.5734 1104.0 188
329.9194 1116.0 188
330.1996 1124.0 188
330.5292 1136.0 188
330.8698 1150.0 188
331.1993 1164.0 188
331.4795 1176.0 188
331.8256 1186.0 188
332.1552 1200.0 188
332.4957 1216.0 188
332.8253 1228.0 188
333.1055 1244.0 188
333.4515 1258.0 188
333.7811 1272.0 188
334.1217 1288.0 188
334.3854 1300.0 188
334.7314 1316.0 188
335.0610 1334.0 188
335.4016 1352.0 188
335.7312 1364.0 188
336.0114 1378.0 188
336.3574 1400.0 188
336.6870 1426.0 188
336.9672 1452.0 188
337.3077 1478.0 188
337.6373 1502.0 188
337.9834 1526.0 188
338.2635 1552.0 188
338.5931 1580.0 188
338.9337 1604.0 188
339.2633 1636.0 188
339.5435 1662.0 188
339.8895 1690.0 188
340.2136 1722.0 188
340.5597 1750.0 188
340.8398 1780.0 188
341.1694 1812.0 188
341.5155 1846.0 188
341.8396 1886.0 188
342.1198 1930.0 188
342.4658 1964.0 188
342.7954 1992.0 188
343.1360 2024.0 188
343.4052 2072.0 188
343.7457 2136.0 188
344.0753 2196.0 188
344.3555 2252.0 188
344.7015 2308.0 188
345.0311 2356.0 188
345.3717 2400.0 188
345.7013 2452.0 188
345.9814 2508.0 188
346.3275 2572.0 188
346.6516 2628.0 188
346.9977 2700.0 188
347.2778 2792.0 188
347.6074 2856.0 188
347.9480 2976.0 188
348.2336 3112.0 188
348.5577 3204.0 188
348.9038 3304.0 188
349.2334 3400.0 188
349.5740 3480.0 188
349.8541 3616.0 188
350.1837 3816.0 188
350.5298 3980.0 188
350.7935 4136.0 188
351.1395 4456.0 188
351.4636 4496.0 188
351.8097 4600.0 188
