#RPLIDAR SCAN DATA
#COUNT=601
#Angule	Distance	Quality
352.0734 5384.0 188
352.4030 5808.0 188
352.6831 6184.0 188
353.0731 6096.0 188
353.4192 6016.0 188
353.7488 6056.0 188
354.0894 6072.0 188
354.4189 6032.0 188
355.1056 6048.0 188
355.4352 6016.0 188
355.7813 5984.0 188
356.1053 5992.0 188
356.4514 5984.0 188
356.7810 5968.0 188
357.1216 5976.0 188
357.4512 6008.0 188
357.7917 5968.0 188
358.1213 5928.0 188
358.4674 5936.0 188
358.7915 5960.0 188
359.1376 5992.0 188
359.4672 5992.0 188
359.8077 6032.0 188
0.1373 6024.0 188
0.4834 6016.0 188
1.1536 6032.0 188
1.4172 6424.0 188
1.7633 6424.0 188
2.0929 6448.0 188
2.4335 6472.0 188
2.7631 6512.0 188
3.1091 6640.0 188
3.4332 6688.0 188
3.7793 6672.0 188
4.1089 6680.0 188
4.4495 6680.0 188
5.1196 6672.0 188
5.4492 6688.0 188
5.7953 6696.0 188
6.1249 6632.0 188
6.4655 6616.0 188
6.7950 6656.0 188
7.1356 6632.0 188
7.4652 6600.0 188
7.8113 6600.0 188
8.1354 6576.0 188
8.4814 6536.0 188
8.8110 6576.0 188
9.1516 6560.0 188
9.4812 6528.0 188
9.8108 6520.0 188
10.1514 6504.0 188
10.4810 6576.0 188
10.8270 6600.0 188
11.1511 6544.0 188
11.4972 6520.0 188
11.8268 6440.0 188
12.1674 6376.0 188
12.4969 6336.0 188
12.8430 6320.0 188
13.1671 6384.0 188
13.5132 6376.0 188
13.8428 6336.0 188
14.1833 6376.0 188
14.5129 6384.0 188
14.8590 6400.0 188
15.1831 6416.0 188
15.5292 6376.0 188
15.8588 6384.0 188
16.1993 6384.0 188
16.5289 6392.0 188
16.8750 6408.0 188
17.1991 6416.0 188
17.5287 6440.0 188
17.8748 6408.0 188
18.1989 6392.0 188
18.5449 6400.0 188
18.8745 6408.0 188
19.2151 6400.0 188
19.5447 6400.0 188
19.8853 6448.0 188
20.2148 6472.0 188
20.5609 6480.0 188
20.8905 6536.0 188
21.2311 6536.0 188
21.5607 6488.0 188
21.9012 6488.0 188
22.2308 6464.0 188
22.5769 6472.0 188
22.9010 6560.0 188
23.2471 6616.0 188
23.5767 6600.0 188
23.9172 6560.0 188
24.2468 6568.0 188
24.5929 6648.0 188
24.9170 6696.0 188
25.2466 6792.0 188
25.5927 6912.0 188
25.9167 6976.0 188
26.2628 6976.0 188
26.5924 7008.0 188
26.9330 7064.0 188
27.2626 7096.0 188
27.6086 7096.0 188
27.9327 7176.0 188
28.2788 7192.0 188
28.6084 7104.0 188
28.9490 7152.0 188
29.2786 7232.0 188
29.6246 7160.0 188
29.9487 7160.0 188
30.2948 7224.0 188
30.6354 7136.0 188
30.9650 7080.0 188
31.3110 7000.0 188
31.6406 7008.0 188
31.9812 7104.0 188
32.3273 7064.0 188
32.6514 7120.0 188
32.9974 7184.0 188
33.3435 7184.0 188
33.6676 7232.0 188
34.0137 7240.0 188
34.3433 7288.0 188
34.6838 7344.0 188
35.0299 7344.0 188
35.3540 7392.0 188
35.7001 7504.0 188
36.0297 7592.0 188
36.3702 7584.0 188
36.7163 7576.0 188
37.0459 7560.0 188
37.3865 7592.0 188
37.7161 7624.0 188
38.0621 7584.0 188
38.4027 7608.0 188
38.7323 7576.0 188
39.0729 7576.0 188
39.4025 7576.0 188
39.7485 7568.0 188
40.0891 7568.0 188
40.4187 7520.0 188
40.7648 7544.0 188
41.0889 7528.0 188
41.4349 7496.0 188
41.7810 7464.0 188
42.1051 7464.0 188
42.4512 7464.0 188
42.7808 7400.0 188
43.1213 7368.0 188
43.4674 7344.0 188
43.7915 7296.0 188
44.1376 7192.0 188
44.4672 7184.0 188
44.8077 7224.0 188
45.1538 7216.0 188
45.4834 7128.0 188
45.8240 7104.0 188
46.1536 7112.0 188
46.4996 7040.0 188
46.8402 7048.0 188
47.1698 7056.0 188
47.5104 7040.0 188
47.8400 7056.0 188
48.1860 7032.0 188
48.5266 6592.0 188
48.8562 6616.0 188
49.2023 6648.0 188
49.5264 6568.0 188
49.9329 5720.0 188
50.2625 5752.0 188
50.6085 5776.0 188
50.9326 5784.0 188
51.2787 5800.0 188
51.6248 5800.0 188
51.9489 5832.0 188
52.2949 5880.0 188
52.6245 5880.0 188
52.9651 5896.0 188
53.3112 5944.0 188
53.6353 5912.0 188
53.9813 5872.0 188
54.3274 5856.0 188
54.6515 5832.0 188
54.9976 5784.0 188
55.3271 5720.0 188
55.6677 5696.0 188
56.0138 5696.0 188
56.3434 5696.0 188
56.6840 5664.0 188
57.0135 5656.0 188
57.3541 5640.0 188
57.7002 5640.0 188
58.0298 5688.0 188
58.3704 5768.0 188
58.7000 5920.0 188
59.0460 6088.0 188
59.3262 6240.0 188
59.6667 6336.0 188
59.9963 6440.0 188
60.3424 6488.0 188
60.6665 6496.0 188
61.0126 6520.0 188
61.3586 6568.0 188
61.6827 6656.0 188
62.0288 7088.0 188
62.3584 7000.0 188
62.6990 6864.0 188
63.0450 6856.0 188
63.3746 6888.0 188
63.7152 6880.0 188
64.0448 7448.0 188
64.3854 7440.0 188
64.7314 7384.0 188
65.0610 7336.0 188
65.4016 7344.0 188
65.7312 7368.0 188
66.7474 7448.0 188
67.7637 8024.0 188
68.1042 8056.0 188
68.4338 8104.0 188
68.7799 8136.0 188
69.1040 8184.0 188
69.3896 8304.0 188
69.7302 8408.0 188
70.0763 8368.0 188
70.4059 8272.0 188
70.7465 8216.0 188
71.0760 8200.0 188
71.4661 8136.0 188
71.8121 8096.0 188
72.1527 8176.0 188
72.4329 8232.0 188
72.7625 8256.0 188
73.1085 8328.0 188
73.4326 8400.0 188
73.7787 8408.0 188
74.1248 8496.0 188
74.4489 8552.0 188
74.7949 8552.0 188
75.1245 8464.0 188
75.4651 8440.0 188
75.8112 8376.0 188
76.1353 8232.0 188
76.5308 8184.0 188
76.8713 7728.0 188
77.2174 7736.0 188
77.5415 7784.0 188
77.8876 7960.0 188
78.1677 8352.0 188
78.4973 8336.0 188
78.8434 8392.0 188
79.1840 8544.0 188
79.5135 8872.0 188
79.8541 8848.0 188
80.1837 8848.0 188
80.5298 8936.0 188
80.8704 8984.0 188
81.2000 8920.0 188
81.5900 8184.0 188
81.8701 8832.0 188
82.2162 8968.0 188
82.5623 9352.0 188
82.8864 9256.0 188
83.2324 9192.0 188
83.5620 9152.0 188
83.9026 9264.0 188
84.2322 9392.0 188
84.5728 9448.0 188
84.9188 9448.0 188
85.5890 9120.0 188
85.9186 9048.0 188
86.9348 9104.0 188
87.2809 9040.0 188
87.9510 8448.0 188
88.3411 7768.0 188
88.6871 7712.0 188
89.0112 7728.0 188
89.3573 7840.0 188
89.6979 7784.0 188
90.0275 7704.0 188
90.3735 7680.0 188
90.7031 7592.0 188
91.0437 7576.0 188
91.3898 7616.0 188
91.7139 7656.0 188
92.0599 7728.0 188
92.3895 7880.0 188
93.0597 8000.0 188
93.3563 9208.0 188
93.6859 9280.0 188
94.0265 9208.0 188
94.3561 8832.0 188
94.7021 8480.0 188
95.0262 8400.0 188
95.3723 8224.0 188
95.7623 8072.0 188
96.1084 8008.0 188
96.4325 8088.0 188
97.0587 10296.0 188
97.3883 10208.0 188
97.7344 10152.0 188
98.0585 10264.0 188
98.4045 10264.0 188
99.0747 10592.0 188
100.0745 10512.0 188
100.4205 10488.0 188
101.0907 10592.0 188
102.1069 10624.0 188
103.4528 10736.0 188
104.1229 10856.0 188
104.4525 10840.0 188
104.7931 10776.0 188
105.1392 10760.0 188
105.4688 10728.0 188
105.8093 10792.0 188
106.1389 10856.0 188
106.4795 10736.0 188
106.8091 10672.0 188
107.1552 10672.0 188
107.4792 10696.0 188
107.8253 10680.0 188
108.1549 10712.0 188
108.4955 10672.0 188
109.1711 10632.0 188
109.5117 10736.0 188
109.8413 10704.0 188
110.1874 10608.0 188
111.1871 10592.0 188
112.5275 11520.0 188
113.2141 11536.0 188
113.8898 11560.0 188
114.2139 11648.0 188
114.5599 11816.0 188
114.8895 11424.0 188
115.2301 11536.0 188
115.5597 11648.0 188
115.9058 11704.0 188
116.2299 11744.0 188
116.5759 11704.0 188
116.9055 11728.0 188
117.2461 11752.0 188
117.5922 11696.0 188
117.9218 11752.0 188
118.2623 11904.0 188
118.5919 11856.0 188
119.2621 11784.0 188
119.6082 11936.0 188
119.9323 11912.0 188
120.2783 11816.0 188
120.6079 11920.0 188
121.2946 11968.0 188
122.2943 11848.0 188
123.9807 11856.0 188
124.3103 11976.0 188
124.6509 11856.0 188
125.3265 11768.0 188
127.3425 11936.0 188
129.0289 11952.0 188
129.3585 11840.0 188
186.3281 4784.0 188
186.6687 4672.0 188
186.9983 4296.0 188
187.3389 4168.0 188
187.7344 3980.0 188
188.0750 3876.0 188
188.4045 3780.0 188
188.7451 3668.0 188
189.0747 3568.0 188
189.4647 3492.0 188
189.8108 3400.0 188
190.1404 3292.0 188
190.4810 3176.0 188
190.8710 3064.0 188
191.2006 2960.0 188
191.5466 2836.0 188
191.8707 2744.0 188
192.2607 2672.0 188
192.6068 2592.0 188
192.9364 2524.0 188
193.2770 2468.0 188
193.6670 2400.0 188
194.0131 2332.0 188
194.3427 2276.0 188
194.7327 2220.0 188
195.0732 2164.0 188
195.4028 2116.0 188
195.7489 2080.0 188
196.1389 2036.0 188
196.4795 2004.0 188
196.8091 1974.0 188
197.1552 1930.0 188
197.5452 1888.0 188
197.8748 1850.0 188
198.2153 1812.0 188
198.5449 1780.0 188
198.9514 1752.0 188
199.2810 1716.0 188
199.6216 1682.0 188
199.9512 1650.0 188
200.3412 1622.0 188
200.6873 1598.0 188
201.0114 1568.0 188
201.3574 1540.0 188
201.7474 1514.0 188
202.0935 1490.0 188
202.4176 1470.0 188
202.7637 1448.0 188
203.1537 1426.0 188
203.4833 1406.0 188
203.8239 1382.0 188
204.2139 1362.0 188
204.5599 1344.0 188
204.8895 1328.0 188
205.2301 1310.0 188
205.6201 1294.0 188
205.9497 1272.0 188
206.2958 1250.0 188
206.6199 1232.0 188
207.0154 1220.0 188
207.3560 1206.0 188
207.7020 1194.0 188
208.0261 1178.0 188
208.4216 1162.0 188
208.7622 1148.0 188
209.0918 1138.0 188
209.4324 1126.0 188
209.8279 1116.0 188
210.1685 1108.0 188
210.4980 1098.0 188
210.8386 1090.0 188
211.1682 1084.0 188
212.1844 1074.0 188
297.2955 652.0 188
297.6196 650.0 188
297.9657 648.0 188
298.3557 646.0 188
298.7018 646.0 188
299.0259 646.0 188
299.3719 646.0 188
299.7015 646.0 188
300.0421 644.0 188
300.3882 644.0 188
300.7178 644.0 188
301.0583 644.0 188
301.3879 642.0 188
301.7340 642.0 188
302.0746 644.0 188
302.4042 644.0 188
302.7448 644.0 188
303.0304 648.0 188
303.3710 650.0 188
303.7006 652.0 188
304.0466 654.0 188
304.3707 656.0 188
304.7168 658.0 188
305.0574 662.0 188
305.3870 664.0 188
305.6671 666.0 188
306.0132 670.0 188
306.3593 672.0 188
306.6833 676.0 188
307.0294 678.0 188
307.3590 682.0 188
307.6392 684.0 188
307.9797 688.0 188
308.3258 690.0 188
308.6554 694.0 188
308.9960 696.0 188
309.3256 698.0 188
309.6716 702.0 188
309.9518 706.0 188
310.2924 710.0 188
310.6219 716.0 188
310.9680 722.0 188
311.2482 726.0 188
311.5887 730.0 188
311.9183 734.0 188
312.2644 738.0 188
312.5885 740.0 188
312.9346 744.0 188
313.2147 750.0 188
313.5608 754.0 188
313.8904 760.0 188
314.2310 766.0 188
314.5111 772.0 188
314.8572 776.0 188
315.1868 780.0 188
315.5273 786.0 188
315.8569 792.0 188
316.1371 796.0 188
316.4832 800.0 188
316.8237 806.0 188
317.1533 814.0 188
317.4994 818.0 188
317.7795 822.0 188
318.1201 828.0 188
318.4497 832.0 188
318.7958 840.0 188
319.1199 846.0 188
319.4055 854.0 188
319.7461 860.0 188
320.0922 868.0 188
320.4218 874.0 188
320.7019 882.0 188
321.0425 890.0 188
321.3885 896.0 188
321.7181 900.0 188
322.0587 906.0 188
322.3389 914.0 188
322.6685 922.0 188
323.0145 928.0 188
323.3386 934.0 188
323.6847 942.0 188
323.9648 952.0 188
324.2944 962.0 188
324.6405 974.0 188
324.9207 984.0 188
325.2448 992.0 188
325.5908 1000.0 188
325.9204 1010.0 188
326.2610 1020.0 188
326.5466 1030.0 188
326.8707 1040.0 188
327.2168 1048.0 188
327.5464 1058.0 188
327.8870 1066.0 188
328.1671 1074.0 188
328.4967 1086.0 188
328.8428 1096.0 188
329.1833 1104.0 188
329.4525 1118.0 188
329.7931 1130.0 188
330.1392 1144.0 188
330.4688 1158.0 188
330.8093 1168.0 188
331.0895 1178.0 188
331.4191 1196.0 188
331.7651 1212.0 188
332.0892 1226.0 188
332.3749 1238.0 188
332.7155 1248.0 188
333.0450 1264.0 188
333.3856 1280.0 188
333.7152 1292.0 188
333.9954 1308.0 188
334.3414 1324.0 188
334.6710 1342.0 188
335.0116 1358.0 188
335.2917 1374.0 188
335.6213 1390.0 188
335.9674 1406.0 188
336.2915 1432.0 188
336.5771 1458.0 188
336.9177 1476.0 188
337.2473 1496.0 188
337.5934 1520.0 188
337.8735 1546.0 188
338.2031 1574.0 188
338.5437 1598.0 188
338.8733 1622.0 188
339.1534 1652.0 188
339.4995 1676.0 188
339.8236 1704.0 188
340.1697 1746.0 188
340.4498 1784.0 188
340.7794 1820.0 188
341.1200 1860.0 188
341.4056 1898.0 188
341.7297 1938.0 188
342.0758 1972.0 188
342.4219 2004.0 188
342.6855 2056.0 188
343.0261 2116.0 188
343.3722 2180.0 188
343.6359 2240.0 188
343.9819 2300.0 188
344.3280 2348.0 188
344.6521 2392.0 188
344.9982 2448.0 188
345.2783 2520.0 188
345.6079 2592.0 188
345.9485 2648.0 188
346.2781 2716.0 188
346.5582 2784.0 188
346.9043 2828.0 188
347.2339 2860.0 188
347.5745 2916.0 188
347.9041 3024.0 188
348.1842 3132.0 188
348.5303 3192.0 188
348.8544 3244.0 188
349.2004 3292.0 188
349.5300 3448.0 188
349.8102 3876.0 188
350.1563 3984.0 188
350.4364 4152.0 188
350.7605 4648.0 188
351.1066 4760.0 188
351.3867 5136.0 188
351.7163 5208.0 188
