#RPLIDAR SCAN DATA
#COUNT=651
#Angule	Distance	Quality
352.2766 3916.0 188
352.7765 6408.0 188
353.1226 6432.0 188
353.4521 6472.0 188
353.7927 6496.0 188
354.1223 6496.0 188
354.4684 6488.0 188
354.7925 6472.0 188
355.1385 6528.0 188
355.4681 6640.0 188
355.8087 6712.0 188
356.1383 6672.0 188
356.4844 6680.0 188
356.8085 6656.0 188
357.1545 6600.0 188
357.4841 6624.0 188
357.8247 6640.0 188
358.1543 6632.0 188
358.4949 6632.0 188
358.8245 6624.0 188
359.1705 6624.0 188
0.1703 7072.0 188
0.5109 7056.0 188
0.8405 7072.0 188
1.1865 7096.0 188
1.5106 7040.0 188
1.8567 7000.0 188
2.1863 6976.0 188
2.5269 6976.0 188
2.8564 6912.0 188
3.2025 6896.0 188
3.5266 7080.0 188
3.8727 7184.0 188
4.2023 7120.0 188
4.5264 7120.0 188
4.8724 7200.0 188
5.2020 7240.0 188
5.5426 7248.0 188
5.8722 7304.0 188
6.2183 7352.0 188
6.5424 7336.0 188
6.8884 7400.0 188
7.2180 7464.0 188
8.2343 7520.0 188
8.9044 7832.0 188
9.2340 7832.0 188
9.5746 7840.0 188
9.9042 7912.0 188
10.2448 7976.0 188
10.5743 8000.0 188
10.9204 7920.0 188
11.2500 7888.0 188
11.5906 8000.0 188
12.2607 8016.0 188
13.2605 8024.0 188
13.9362 8000.0 188
14.2603 7904.0 188
15.2765 7808.0 188
16.6223 7856.0 188
17.2925 8008.0 188
17.6221 8024.0 188
17.9681 7912.0 188
18.2922 7912.0 188
18.6383 7984.0 188
19.3085 7992.0 188
19.6381 8016.0 188
19.9841 7992.0 188
20.3082 8008.0 188
20.6378 8088.0 188
20.9839 8112.0 188
21.3080 8024.0 188
21.6541 8048.0 188
21.9836 8080.0 188
22.3242 8064.0 188
22.6538 8136.0 188
22.9340 8200.0 188
23.3240 8112.0 188
23.6700 8032.0 188
23.9996 8144.0 188
24.3402 8104.0 188
24.6698 8024.0 188
25.0104 8072.0 188
25.3400 8160.0 188
25.6201 8216.0 188
25.9662 8232.0 188
26.3562 7816.0 188
26.6858 7768.0 188
27.3560 8184.0 188
27.6361 8216.0 188
27.9657 8208.0 188
28.3557 8104.0 188
28.7018 8072.0 188
29.0259 8080.0 188
29.3719 8016.0 188
29.7015 8040.0 188
30.3717 8104.0 188
30.7178 8056.0 188
31.0419 8032.0 188
31.3879 8032.0 188
31.7175 8024.0 188
32.0581 8080.0 188
32.3877 8056.0 188
32.7338 8064.0 188
33.0743 8032.0 188
33.4039 8008.0 188
33.7500 8024.0 188
34.0741 7936.0 188
34.4202 7920.0 188
34.7607 7912.0 188
35.0903 7928.0 188
35.4364 7920.0 188
35.7770 7528.0 188
36.1670 6024.0 188
36.4526 7800.0 188
36.7767 7864.0 188
37.1228 6176.0 188
37.5128 6136.0 188
37.8589 6056.0 188
38.1830 6016.0 188
38.5291 6016.0 188
38.8696 5992.0 188
39.1992 5968.0 188
39.5453 5904.0 188
39.8859 5840.0 188
40.2155 5840.0 188
40.5615 5824.0 188
40.8856 5792.0 188
41.2317 5808.0 188
41.5778 5848.0 188
41.9019 5856.0 188
42.2479 5848.0 188
42.5885 5824.0 188
42.9181 5824.0 188
43.2642 5808.0 188
43.5938 5792.0 188
43.9343 5800.0 188
44.2804 5792.0 188
44.6045 5776.0 188
44.9506 5800.0 188
45.2966 5840.0 188
45.6207 5840.0 188
45.9668 5824.0 188
46.2964 5856.0 188
46.6370 5896.0 188
46.9830 5928.0 188
47.3071 5928.0 188
47.6532 5952.0 188
47.9993 5992.0 188
48.3234 6000.0 188
48.6694 6016.0 188
48.9990 6040.0 188
49.3396 6056.0 188
49.6857 6096.0 188
49.9658 6176.0 188
50.2954 6192.0 188
50.6360 6232.0 188
50.9821 6336.0 188
51.3116 6328.0 188
51.6522 6336.0 188
51.9983 6440.0 188
52.3279 6552.0 188
52.6685 6584.0 188
52.9980 6584.0 188
53.4045 5672.0 188
53.7341 5616.0 188
54.0747 5552.0 188
54.4043 5568.0 188
54.7449 5624.0 188
55.0909 5624.0 188
55.4205 5632.0 188
55.7611 5624.0 188
56.1072 5552.0 188
56.4368 5512.0 188
56.7773 5488.0 188
57.1069 5480.0 188
57.4530 5472.0 188
57.7936 5464.0 188
58.1232 5440.0 188
58.4637 5448.0 188
58.8098 5464.0 188
59.1394 5456.0 188
59.4800 5448.0 188
59.8096 5440.0 188
60.1556 5424.0 188
60.4962 5456.0 188
60.8258 5480.0 188
61.1719 5512.0 188
61.5125 5584.0 188
61.8420 5632.0 188
62.1826 5672.0 188
62.5122 6048.0 188
62.8088 6176.0 188
63.1384 6280.0 188
63.4790 6352.0 188
63.8086 6440.0 188
64.1547 6440.0 188
64.4952 6512.0 188
64.8248 6592.0 188
65.1709 6616.0 188
65.4950 6664.0 188
65.8411 6752.0 188
66.1707 6832.0 188
66.5112 6864.0 188
66.8573 6920.0 188
67.1869 6976.0 188
67.5275 7104.0 188
67.8571 7296.0 188
68.2031 7376.0 188
68.5272 7688.0 188
68.8733 7696.0 188
69.2029 7848.0 188
69.5435 8032.0 188
69.8730 8064.0 188
70.2136 8056.0 188
70.8893 8048.0 188
71.5594 8008.0 188
71.9055 7984.0 188
72.2296 7992.0 188
72.5757 8024.0 188
72.9053 8080.0 188
73.2458 8088.0 188
73.5754 8128.0 188
73.8556 8248.0 188
74.2017 8304.0 188
74.8718 8336.0 188
75.5420 9208.0 188
75.8881 9208.0 188
76.2177 9288.0 188
76.5582 8816.0 188
76.8878 8416.0 188
77.2339 8272.0 188
77.6239 8112.0 188
77.9480 8064.0 188
78.2941 8064.0 188
78.5742 8200.0 188
78.9038 9232.0 188
79.2499 9136.0 188
79.5740 9064.0 188
79.9200 9056.0 188
80.2606 9104.0 188
80.5902 9208.0 188
80.9363 9256.0 188
81.2604 9280.0 188
81.6064 9936.0 188
81.9360 9880.0 188
82.2766 9872.0 188
82.6062 9896.0 188
82.9523 9920.0 188
83.2764 9808.0 188
83.6224 9656.0 188
83.9685 9624.0 188
84.2926 9624.0 188
84.6387 9568.0 188
84.9683 9512.0 188
85.3088 9560.0 188
85.6384 9584.0 188
85.9790 9616.0 188
86.3086 9688.0 188
86.6547 9608.0 188
86.9843 9496.0 188
87.3248 9440.0 188
87.6544 9400.0 188
87.9950 9512.0 188
88.3411 9536.0 188
88.6707 9544.0 188
89.0607 8056.0 188
89.4012 8016.0 188
89.7308 7904.0 188
90.0769 7784.0 188
90.4010 7768.0 188
90.7471 7648.0 188
91.0767 7528.0 188
91.4172 7584.0 188
92.0929 7688.0 188
92.4335 8072.0 188
93.1091 8016.0 188
93.3893 9216.0 188
93.7134 9088.0 188
94.0594 8672.0 188
94.3890 8592.0 188
94.7296 8280.0 188
95.0592 8240.0 188
95.4657 7904.0 188
95.7953 7880.0 188
96.1359 7928.0 188
96.4655 8008.0 188
97.0917 10488.0 188
97.4213 10176.0 188
97.7618 10248.0 188
98.0914 10416.0 188
99.1077 10536.0 188
99.7778 10552.0 188
100.1074 10536.0 188
100.4480 10512.0 188
101.1237 10600.0 188
101.4478 10752.0 188
101.7938 10752.0 188
102.1234 10744.0 188
103.4637 10824.0 188
104.1394 10888.0 188
104.4800 10896.0 188
105.1556 10880.0 188
105.4797 10784.0 188
105.8258 10688.0 188
106.1554 10808.0 188
106.4960 10928.0 188
106.8256 10832.0 188
107.1716 10688.0 188
107.4957 10008.0 188
107.8418 9912.0 188
108.1714 9952.0 188
108.5120 10136.0 188
108.8416 10160.0 188
109.1821 10152.0 188
109.5117 10200.0 188
110.1874 11352.0 188
111.1981 11328.0 188
111.5277 11312.0 188
112.1979 11408.0 188
112.8735 11384.0 188
113.2141 11264.0 188
113.5437 11328.0 188
113.8898 11456.0 188
114.2139 11512.0 188
114.5599 11512.0 188
114.8895 11536.0 188
115.2301 11504.0 188
115.5597 11544.0 188
115.9058 11608.0 188
116.2299 11584.0 188
116.5759 11560.0 188
116.9055 11504.0 188
117.2461 11384.0 188
117.5757 11400.0 188
117.9218 11416.0 188
118.2458 11400.0 188
118.5919 11520.0 188
118.9215 11536.0 188
119.2621 11528.0 188
119.5917 11576.0 188
120.2618 11632.0 188
120.9375 11736.0 188
121.2781 11688.0 188
121.9482 11568.0 188
122.2778 11552.0 188
122.6239 11640.0 188
122.9480 11712.0 188
123.2941 11360.0 188
123.6237 11488.0 188
123.9642 11488.0 188
124.2938 11496.0 188
124.6399 11512.0 188
124.9640 11496.0 188
125.3101 11504.0 188
125.6396 11544.0 188
125.9802 11552.0 188
126.3098 11536.0 188
126.6559 11600.0 188
126.9800 11448.0 188
127.3260 11328.0 188
127.6556 11304.0 188
127.9962 11248.0 188
128.3258 11320.0 188
128.6719 11464.0 188
128.9960 11528.0 188
129.3420 11568.0 188
129.6716 11464.0 188
130.0122 11368.0 188
130.3418 11376.0 188
130.6824 11328.0 188
131.0120 11296.0 188
131.3580 11248.0 188
131.6821 11624.0 188
132.0282 11312.0 188
132.3578 11432.0 188
132.6984 11432.0 188
133.3740 11776.0 188
133.6981 11760.0 188
134.0442 11608.0 188
134.3738 11440.0 188
134.7144 11480.0 188
135.0439 11560.0 188
135.3900 11504.0 188
135.7141 11504.0 188
136.0437 11488.0 188
136.3898 11520.0 188
137.7301 11824.0 188
138.0597 11760.0 188
138.4058 11704.0 188
138.7299 11760.0 188
139.0759 11760.0 188
139.4055 11784.0 188
139.7461 11848.0 188
140.0757 11752.0 188
140.4218 11840.0 188
141.4215 12080.0 188
142.4323 10920.0 188
145.1239 11408.0 188
145.4480 11776.0 188
148.1396 11448.0 188
148.4802 11464.0 188
148.8098 11384.0 188
149.1559 11344.0 188
149.4800 11296.0 188
150.4962 11320.0 188
171.9800 11784.0 188
172.6556 11792.0 188
172.9797 11776.0 188
173.3258 11712.0 188
173.6554 11768.0 188
185.5261 4936.0 188
185.9216 4824.0 188
186.2457 4424.0 188
186.5918 4304.0 188
186.9214 4136.0 188
187.3114 4072.0 188
187.6520 4004.0 188
187.9816 3940.0 188
188.3276 3848.0 188
188.6517 3748.0 188
188.9978 3620.0 188
189.3878 3496.0 188
189.7174 3396.0 188
190.0580 3288.0 188
190.3876 3196.0 188
190.7336 3084.0 188
191.1237 2972.0 188
191.4478 2884.0 188
191.7938 2772.0 188
192.1838 2664.0 188
192.5134 2568.0 188
192.8540 2492.0 188
193.2495 2440.0 188
193.5736 2380.0 188
193.9197 2316.0 188
194.2493 2256.0 188
194.6393 2196.0 188
194.9799 2144.0 188
195.3259 2104.0 188
195.6555 2064.0 188
196.0455 2026.0 188
196.3861 1984.0 188
196.7322 1942.0 188
197.0618 1906.0 188
197.4518 1878.0 188
197.7924 1840.0 188
198.1219 1796.0 188
198.4680 1768.0 188
198.8580 1744.0 188
199.1986 1710.0 188
199.5282 1674.0 188
199.8743 1648.0 188
200.2643 1618.0 188
200.6049 1582.0 188
200.9344 1548.0 188
201.3245 1524.0 188
201.6705 1502.0 188
201.9946 1474.0 188
202.3407 1448.0 188
202.7307 1430.0 188
203.0768 1412.0 188
203.4009 1388.0 188
203.7964 1366.0 188
204.1370 1346.0 188
204.4830 1332.0 188
204.8071 1316.0 188
205.1532 1296.0 188
205.5432 1282.0 188
205.8728 1264.0 188
206.2134 1246.0 188
206.6089 1226.0 188
206.9495 1210.0 188
207.2791 1194.0 188
207.6196 1176.0 188
208.0151 1164.0 188
208.3557 1152.0 188
208.6853 1142.0 188
209.0259 1132.0 188
209.3555 1122.0 188
209.7455 1108.0 188
210.0916 1096.0 188
210.4321 1084.0 188
210.7617 1076.0 188
211.1517 1068.0 188
211.4978 1062.0 188
212.1680 1058.0 188
297.4493 648.0 188
297.7789 650.0 188
298.1250 650.0 188
298.4491 650.0 188
298.7952 650.0 188
299.1357 650.0 188
299.4653 650.0 188
299.8114 650.0 188
300.1520 648.0 188
300.4816 648.0 188
300.8716 646.0 188
301.2177 646.0 188
301.5582 646.0 188
301.8878 644.0 188
302.2339 646.0 188
302.5140 648.0 188
302.8436 650.0 188
303.1842 652.0 188
303.5303 654.0 188
303.8544 658.0 188
304.2004 658.0 188
304.5465 660.0 188
304.8706 664.0 188
305.1563 666.0 188
305.4968 668.0 188
305.8264 672.0 188
306.1670 674.0 188
306.5131 678.0 188
306.8427 682.0 188
307.1228 684.0 188
307.4634 686.0 188
307.8094 690.0 188
308.1390 696.0 188
308.4796 700.0 188
308.8092 702.0 188
309.0894 704.0 188
309.4354 708.0 188
309.7760 712.0 188
310.1056 716.0 188
310.4517 718.0 188
310.7813 720.0 188
311.0614 724.0 188
311.4020 730.0 188
311.7480 736.0 188
312.0776 738.0 188
312.4182 742.0 188
312.6984 748.0 188
313.0444 750.0 188
313.3740 754.0 188
313.7146 758.0 188
314.0442 762.0 188
314.3903 766.0 188
314.6704 772.0 188
315.0110 776.0 188
315.3406 780.0 188
315.6866 788.0 188
316.0272 792.0 188
316.3074 798.0 188
316.6370 802.0 188
316.9830 808.0 188
317.3071 814.0 188
317.5928 820.0 188
317.9333 824.0 188
318.2794 830.0 188
318.6090 838.0 188
318.9496 846.0 188
319.2297 856.0 188
319.5758 864.0 188
319.9054 874.0 188
320.1855 880.0 188
320.5261 886.0 188
320.8557 892.0 188
321.2018 900.0 188
321.5424 906.0 188
321.8280 914.0 188
322.1521 920.0 188
322.4982 928.0 188
322.8387 936.0 188
323.1683 942.0 188
323.4485 948.0 188
323.7946 956.0 188
324.1241 966.0 188
324.4647 976.0 188
324.7449 988.0 188
325.0909 998.0 188
325.4205 1006.0 188
325.7611 1016.0 188
326.0907 1024.0 188
326.3708 1034.0 188
326.7169 1046.0 188
327.0465 1054.0 188
327.3871 1064.0 188
327.6672 1076.0 188
327.9968 1086.0 188
328.3429 1096.0 188
328.6670 1104.0 188
329.0131 1114.0 188
329.2932 1126.0 188
329.6228 1138.0 188
329.9634 1150.0 188
330.2930 1162.0 188
330.5731 1178.0 188
330.9192 1194.0 188
331.2488 1210.0 188
331.5894 1226.0 188
331.8750 1240.0 188
332.1991 1254.0 188
332.5452 1266.0 188
332.8748 1278.0 188
333.2153 1292.0 188
333.4955 1304.0 188
333.8251 1320.0 188
334.1711 1338.0 188
334.4952 1356.0 188
334.7809 1370.0 188
335.1215 1388.0 188
335.4510 1408.0 188
335.7916 1428.0 188
336.1377 1446.0 188
336.4014 1462.0 188
336.7474 1482.0 188
337.0935 1500.0 188
337.4176 1520.0 188
337.6978 1542.0 188
338.0438 1566.0 188
338.3734 1600.0 188
338.7140 1632.0 188
338.9996 1660.0 188
339.3237 1690.0 188
339.6698 1720.0 188
339.9994 1748.0 188
340.2795 1778.0 188
340.6201 1816.0 188
340.9497 1858.0 188
341.2299 1906.0 188
341.5759 1952.0 188
341.9055 1984.0 188
342.2461 2030.0 188
342.5262 2084.0 188
342.8558 2136.0 188
343.2019 2196.0 188
343.4821 2248.0 188
343.8116 2308.0 188
344.1522 2376.0 188
344.4818 2440.0 188
344.7620 2500.0 188
345.1080 2564.0 188
345.4321 2636.0 188
345.7782 2724.0 188
346.0583 2808.0 188
346.7340 2896.0 188
347.3438 3284.0 188
347.6843 3292.0 188
348.0139 3320.0 188
348.3545 3376.0 188
348.6841 3432.0 188
349.0302 3492.0 188
349.3103 3536.0 188
349.6399 3548.0 188
349.9805 3556.0 188
350.3265 3596.0 188
350.6561 3696.0 188
350.9967 3792.0 188
351.3263 3860.0 188
351.6669 3940.0 188
