#RPLIDAR SCAN DATA
#COUNT=675
#Angule	Distance	Quality
351.9800 4280.0 188
352.6556 4328.0 188
352.8699 7376.0 188
353.2159 7392.0 188
353.5455 7432.0 188
354.5618 7456.0 188
354.8859 7432.0 188
355.2319 7416.0 188
355.5615 7488.0 188
355.9021 7448.0 188
356.2317 7360.0 188
356.5778 7328.0 188
356.9019 7296.0 188
357.2479 7296.0 188
357.5885 7320.0 188
357.9181 7368.0 188
358.2642 7344.0 188
358.5938 7256.0 188
358.9343 7168.0 188
359.2639 7224.0 188
359.6045 7312.0 188
359.9341 7312.0 188
0.2802 7304.0 188
0.6042 7280.0 188
0.9503 7248.0 188
1.2799 7240.0 188
1.6205 7256.0 188
1.9501 7224.0 188
2.2961 7208.0 188
2.6202 7160.0 188
2.9663 7200.0 188
3.2959 7352.0 188
3.6365 7392.0 188
3.9661 7416.0 188
4.3121 7448.0 188
4.6362 7480.0 188
4.9823 7560.0 188
5.3119 7664.0 188
5.6525 7760.0 188
5.9821 7800.0 188
6.6522 7896.0 188
6.9324 8232.0 188
7.6685 8168.0 188
7.9980 8144.0 188
8.2782 8248.0 188
8.6243 8280.0 188
8.9484 8248.0 188
9.2944 8200.0 188
9.6240 8232.0 188
9.9646 8328.0 188
10.2942 8384.0 188
10.6403 8392.0 188
10.9644 8384.0 188
11.6400 8488.0 188
12.6563 8592.0 188
13.9966 8632.0 188
14.3262 8736.0 188
14.6667 8800.0 188
14.9963 8824.0 188
15.3424 8736.0 188
15.6665 8632.0 188
16.0126 8672.0 188
16.3422 8688.0 188
16.6827 8576.0 188
17.0728 8056.0 188
17.4188 8112.0 188
17.7484 8104.0 188
18.0890 8160.0 188
18.3746 8248.0 188
18.6987 8248.0 188
19.0448 8400.0 188
19.3744 8472.0 188
19.7150 8504.0 188
20.0446 8488.0 188
20.3906 8368.0 188
20.7147 8384.0 188
21.0608 8432.0 188
21.3904 8456.0 188
21.7310 8432.0 188
22.0605 8408.0 188
22.4011 8448.0 188
22.7307 8448.0 188
23.0768 8416.0 188
23.4174 8448.0 188
23.7469 8456.0 188
24.0930 8416.0 188
24.4171 8464.0 188
24.7632 8496.0 188
25.0928 8512.0 188
25.4333 8544.0 188
25.7794 8504.0 188
26.1090 8496.0 188
26.4496 8496.0 188
26.7792 8408.0 188
27.1198 8368.0 188
27.7954 8408.0 188
30.4980 8496.0 188
30.8276 8584.0 188
31.1682 8552.0 188
31.4978 8448.0 188
31.8384 8328.0 188
32.1680 8296.0 188
32.5140 8280.0 188
32.8546 8296.0 188
33.1842 8296.0 188
33.5303 8272.0 188
33.9203 8168.0 188
34.2499 8096.0 188
34.5905 8160.0 188
34.9365 8088.0 188
35.2606 8064.0 188
35.6067 8096.0 188
35.9363 8040.0 188
36.2769 8080.0 188
36.6064 8104.0 188
36.9525 8096.0 188
37.2931 8104.0 188
37.6227 8080.0 188
37.9688 8088.0 188
38.2928 8168.0 188
38.6389 8168.0 188
38.9685 8120.0 188
39.3091 8176.0 188
40.0452 5608.0 188
40.2649 8288.0 188
40.6055 8216.0 188
40.9955 8160.0 188
41.3251 8184.0 188
41.6052 8232.0 188
41.9513 8248.0 188
42.3413 8152.0 188
42.6874 8072.0 188
43.0115 8048.0 188
43.3575 8016.0 188
43.6871 7952.0 188
44.0277 7920.0 188
44.3738 7944.0 188
44.6979 7904.0 188
45.0439 7744.0 188
45.3735 7632.0 188
45.7141 7608.0 188
46.0437 7568.0 188
46.3898 7584.0 188
46.7303 7576.0 188
47.0599 7552.0 188
47.4060 7600.0 188
47.7301 7672.0 188
48.0762 7680.0 188
48.4058 7768.0 188
48.7463 6672.0 188
49.0924 6184.0 188
49.4165 6216.0 188
50.0922 6264.0 188
50.4327 6376.0 188
51.1084 6456.0 188
51.4490 6456.0 188
51.7786 6456.0 188
52.1246 6432.0 188
52.4487 6408.0 188
52.7948 6448.0 188
53.1244 6488.0 188
53.4650 6512.0 188
53.8110 6576.0 188
54.2010 5928.0 188
54.5306 5864.0 188
54.8712 5768.0 188
55.2173 5696.0 188
55.5469 5392.0 188
55.8875 5352.0 188
56.2170 5288.0 188
56.5576 5280.0 188
56.8872 5304.0 188
57.2333 5296.0 188
57.5574 5304.0 188
57.9034 5312.0 188
58.2495 5320.0 188
58.5736 5352.0 188
58.9197 5320.0 188
59.2493 5320.0 188
59.5898 5368.0 188
59.9194 5400.0 188
60.2655 5416.0 188
60.6061 5432.0 188
60.9357 5440.0 188
61.2762 5472.0 188
61.6058 5512.0 188
61.9519 5512.0 188
62.2760 5560.0 188
62.6221 5672.0 188
62.9517 5704.0 188
63.2922 5784.0 188
63.5779 6432.0 188
63.9185 6504.0 188
64.2480 6624.0 188
64.5886 6632.0 188
64.9182 6648.0 188
65.2643 6680.0 188
65.5884 6696.0 188
65.9344 6672.0 188
66.2805 6704.0 188
66.6046 6768.0 188
66.9507 6768.0 188
67.2803 6808.0 188
67.6208 7280.0 188
67.9504 7304.0 188
68.2965 7368.0 188
68.6206 7384.0 188
68.9667 7440.0 188
69.3073 7536.0 188
69.6368 7992.0 188
69.9829 8040.0 188
70.3125 8080.0 188
71.3232 8064.0 188
71.6089 8376.0 188
71.9495 8400.0 188
72.2791 8400.0 188
72.9492 8352.0 188
73.2953 8352.0 188
73.6249 8496.0 188
74.2950 9136.0 188
74.6356 9120.0 188
74.9817 9192.0 188
75.3113 9240.0 188
75.6519 9344.0 188
75.9814 9384.0 188
76.3275 9312.0 188
76.6516 9464.0 188
76.9977 9544.0 188
77.3438 9480.0 188
77.7338 8024.0 188
78.0579 8112.0 188
78.3435 8208.0 188
78.7335 8176.0 188
79.0137 9176.0 188
79.3542 9216.0 188
79.6838 9344.0 188
80.0299 9400.0 188
80.3705 9392.0 188
80.7001 9376.0 188
81.0461 9352.0 188
81.3702 9976.0 188
81.7163 9896.0 188
82.0459 9944.0 188
82.3865 10008.0 188
82.7325 9912.0 188
83.0621 9888.0 188
83.4027 9936.0 188
83.7323 9880.0 188
84.0729 9536.0 188
84.4025 9504.0 188
84.7485 9496.0 188
85.0781 9504.0 188
85.4187 9912.0 188
85.7648 9552.0 188
86.0889 9544.0 188
86.4349 9472.0 188
86.7645 9456.0 188
87.1051 9368.0 188
87.4347 9248.0 188
87.7808 9344.0 188
88.1049 9464.0 188
88.4509 9592.0 188
88.7805 9616.0 188
89.1211 9544.0 188
89.4672 9520.0 188
89.8572 7920.0 188
90.1868 7864.0 188
90.5273 7728.0 188
90.8569 7624.0 188
91.2030 7632.0 188
91.5271 7648.0 188
91.8732 7656.0 188
92.5433 7768.0 188
92.8894 7936.0 188
93.4991 9264.0 188
93.8397 8712.0 188
94.1693 8240.0 188
94.5154 8264.0 188
94.8395 8296.0 188
95.2295 7776.0 188
95.5756 7848.0 188
95.9052 7960.0 188
96.2457 7960.0 188
96.5918 7992.0 188
97.2015 10336.0 188
97.5421 10304.0 188
97.8717 10384.0 188
98.2178 10568.0 188
98.5419 10536.0 188
98.8879 10624.0 188
99.2175 10680.0 188
99.5581 10584.0 188
100.2338 10528.0 188
100.5579 10584.0 188
100.9039 10744.0 188
101.2335 10688.0 188
101.5741 10672.0 188
102.5903 10784.0 188
103.5901 11184.0 188
103.9362 11104.0 188
104.6063 10712.0 188
104.9359 10672.0 188
105.2765 10352.0 188
105.6226 10352.0 188
105.9521 10272.0 188
106.2927 10152.0 188
106.6223 10136.0 188
106.9684 10152.0 188
107.2925 10128.0 188
107.6385 10184.0 188
107.9681 10248.0 188
108.6383 10288.0 188
108.9844 10840.0 188
109.3085 10504.0 188
109.6545 10648.0 188
110.6708 10824.0 188
112.6868 11360.0 188
113.7030 11416.0 188
115.0433 11488.0 188
115.7135 11536.0 188
116.0431 11520.0 188
116.7188 11512.0 188
117.7295 11560.0 188
118.0756 11232.0 188
118.4052 11304.0 188
118.7457 11304.0 188
119.7455 11232.0 188
120.0916 11336.0 188
120.4211 11736.0 188
120.7617 11112.0 188
121.0913 11224.0 188
121.4374 11584.0 188
121.7615 11520.0 188
123.1073 11512.0 188
123.4479 11480.0 188
123.7939 11432.0 188
124.1235 11472.0 188
124.4641 11416.0 188
124.7937 11368.0 188
125.1398 11360.0 188
125.4639 11408.0 188
125.8099 11376.0 188
126.1395 11352.0 188
126.4801 11328.0 188
126.8097 11232.0 188
127.4799 11280.0 188
127.8259 11328.0 188
128.8257 11384.0 188
129.4958 11456.0 188
129.8419 11424.0 188
130.1715 11304.0 188
130.5121 11656.0 188
130.8417 11184.0 188
131.1823 11216.0 188
131.5118 11096.0 188
131.8579 11456.0 188
132.1985 11480.0 188
132.5281 11480.0 188
132.8741 11400.0 188
133.1982 11352.0 188
133.5443 11304.0 188
133.8739 11232.0 188
134.2145 11232.0 188
134.8901 11296.0 188
135.5603 11240.0 188
135.8899 11184.0 188
136.9061 10824.0 188
137.5763 10176.0 188
137.9059 10040.0 188
138.2465 9912.0 188
138.5760 9896.0 188
138.9166 9824.0 188
139.2462 9792.0 188
139.5923 9752.0 188
139.9219 9816.0 188
140.2625 10128.0 188
140.6085 10112.0 188
140.9326 10168.0 188
141.2787 10088.0 188
141.6083 9944.0 188
141.9489 9952.0 188
142.2784 10024.0 188
142.6245 10160.0 188
142.9486 10224.0 188
143.2947 10080.0 188
143.6243 9936.0 188
143.9648 10008.0 188
144.2944 10080.0 188
144.6405 10008.0 188
144.9646 10000.0 188
145.3107 9904.0 188
145.6403 9848.0 188
145.9808 9888.0 188
146.3104 9928.0 188
146.6510 9928.0 188
146.9806 9912.0 188
147.3267 10072.0 188
147.6563 10208.0 188
147.9968 10224.0 188
148.3264 10200.0 188
148.6670 10208.0 188
149.0131 10296.0 188
149.3427 10408.0 188
149.6832 10392.0 188
150.0128 10376.0 188
155.7312 11240.0 188
156.0608 11288.0 188
156.7310 11456.0 188
157.0770 11496.0 188
157.4011 11352.0 188
157.7472 11360.0 188
158.0768 11712.0 188
158.4174 11400.0 188
158.7469 11424.0 188
159.0930 11536.0 188
160.4333 11216.0 188
161.1090 11200.0 188
170.1672 10016.0 188
170.8429 9992.0 188
171.1835 9912.0 188
172.1832 9768.0 188
175.2155 10128.0 188
175.5450 10096.0 188
176.2152 10048.0 188
176.5613 10128.0 188
177.2314 10304.0 188
177.5610 9992.0 188
178.2312 10040.0 188
178.9014 10128.0 188
179.2474 10192.0 188
180.5933 8816.0 188
181.2634 8840.0 188
185.7953 4592.0 188
186.1359 4488.0 188
186.4655 4360.0 188
186.8115 4304.0 188
187.1356 4232.0 188
187.4817 4120.0 188
187.8717 3992.0 188
188.2013 3848.0 188
188.5419 3688.0 188
188.8715 3524.0 188
189.2615 3412.0 188
189.6075 3312.0 188
189.9371 3196.0 188
190.2777 3096.0 188
190.6677 2996.0 188
191.0138 2884.0 188
191.3434 2772.0 188
191.7334 2696.0 188
192.0740 2612.0 188
192.4036 2520.0 188
192.7936 2452.0 188
193.1396 2388.0 188
193.4637 2320.0 188
193.8098 2272.0 188
194.1998 2224.0 188
194.5459 2164.0 188
194.8700 2108.0 188
195.2161 2064.0 188
195.6061 2028.0 188
195.9357 1988.0 188
196.2762 1944.0 188
196.6058 1896.0 188
196.9958 1862.0 188
197.3419 1836.0 188
197.6715 1806.0 188
198.0121 1780.0 188
198.4021 1754.0 188
198.7482 1722.0 188
199.0778 1688.0 188
199.4183 1660.0 188
199.8083 1630.0 188
200.1379 1606.0 188
200.4840 1582.0 188
200.8081 1548.0 188
201.1981 1522.0 188
201.5442 1498.0 188
201.8738 1472.0 188
202.2144 1448.0 188
202.6044 1424.0 188
202.9504 1402.0 188
203.2800 1380.0 188
203.6700 1360.0 188
204.0106 1342.0 188
204.3402 1326.0 188
204.6863 1306.0 188
205.0763 1288.0 188
205.4059 1272.0 188
205.7465 1256.0 188
206.0760 1240.0 188
206.4825 1224.0 188
206.8121 1208.0 188
207.1527 1184.0 188
207.5427 1166.0 188
207.8723 1152.0 188
208.2184 1136.0 188
208.5425 1126.0 188
208.9325 1114.0 188
209.2786 1104.0 188
209.6082 1092.0 188
209.9487 1080.0 188
210.2783 1072.0 188
210.6683 1066.0 188
211.0144 1060.0 188
211.3550 1056.0 188
211.6846 1052.0 188
212.7008 1044.0 188
297.6526 654.0 188
297.9822 652.0 188
298.3228 652.0 188
298.6688 652.0 188
298.9984 650.0 188
299.3390 650.0 188
299.6686 650.0 188
300.0146 650.0 188
300.3387 650.0 188
300.6848 650.0 188
301.0309 650.0 188
301.3550 648.0 188
301.7010 648.0 188
302.0306 648.0 188
302.3712 650.0 188
302.7008 652.0 188
303.0469 654.0 188
303.3710 656.0 188
303.7170 658.0 188
304.0576 660.0 188
304.3872 662.0 188
304.6674 666.0 188
305.0134 670.0 188
305.3430 672.0 188
305.6836 674.0 188
306.0132 674.0 188
306.3593 676.0 188
306.6998 680.0 188
306.9635 684.0 188
307.3096 686.0 188
307.6556 690.0 188
307.9797 694.0 188
308.3258 698.0 188
308.6554 702.0 188
308.9355 706.0 188
309.2761 710.0 188
309.6057 714.0 188
309.9518 718.0 188
310.2924 720.0 188
310.5780 724.0 188
310.9021 728.0 188
311.2482 730.0 188
311.5778 736.0 188
311.9183 740.0 188
312.2479 744.0 188
312.5281 748.0 188
312.8741 752.0 188
313.1982 756.0 188
313.5443 760.0 188
313.8904 764.0 188
314.2145 768.0 188
314.4946 772.0 188
314.8407 780.0 188
315.1703 786.0 188
315.5109 790.0 188
315.7965 796.0 188
316.1206 800.0 188
316.4667 804.0 188
316.7963 806.0 188
317.1368 812.0 188
317.4664 818.0 188
317.7466 824.0 188
318.0927 828.0 188
318.4167 834.0 188
318.7628 842.0 188
319.0430 852.0 188
319.3726 862.0 188
319.7186 872.0 188
320.0592 876.0 188
320.3229 884.0 188
320.6689 892.0 188
321.0150 900.0 188
321.3391 906.0 188
321.6248 912.0 188
321.9653 918.0 188
322.2949 928.0 188
322.6355 938.0 188
322.9211 946.0 188
323.2452 952.0 188
323.5913 960.0 188
323.9209 968.0 188
324.2615 976.0 188
324.5416 986.0 188
324.8712 992.0 188
325.2173 1000.0 188
325.5469 1008.0 188
325.8875 1020.0 188
326.1676 1028.0 188
326.4972 1036.0 188
326.8433 1048.0 188
327.1838 1062.0 188
327.4530 1072.0 188
327.7936 1082.0 188
328.1396 1094.0 188
328.4637 1104.0 188
328.8098 1112.0 188
329.0900 1124.0 188
329.4196 1136.0 188
329.7656 1148.0 188
330.0897 1162.0 188
330.3699 1176.0 188
330.7159 1190.0 188
331.0455 1202.0 188
331.3861 1220.0 188
331.6718 1234.0 188
331.9958 1248.0 188
332.3419 1264.0 188
332.6715 1280.0 188
332.9517 1296.0 188
333.2922 1314.0 188
333.6218 1330.0 188
333.9679 1346.0 188
334.3085 1362.0 188
334.5776 1378.0 188
334.9182 1392.0 188
335.2643 1410.0 188
335.5884 1430.0 188
335.8740 1448.0 188
336.2146 1462.0 188
336.5442 1482.0 188
336.8903 1508.0 188
337.2144 1530.0 188
337.5000 1548.0 188
337.8406 1570.0 188
338.1702 1592.0 188
338.5107 1618.0 188
338.7964 1646.0 188
339.1205 1674.0 188
339.4666 1708.0 188
339.7961 1742.0 188
340.0763 1782.0 188
340.4169 1810.0 188
340.7465 1834.0 188
341.0925 1868.0 188
341.3727 1914.0 188
341.7023 1954.0 188
342.0428 1992.0 188
342.3889 2040.0 188
342.6691 2096.0 188
342.9987 2152.0 188
343.3392 2208.0 188
343.6249 2260.0 188
343.9490 2320.0 188
344.2950 2416.0 188
344.5752 2532.0 188
344.9048 2612.0 188
345.2454 2660.0 188
345.5750 2732.0 188
345.8551 2800.0 188
346.2012 2868.0 188
346.5308 2968.0 188
346.8549 3072.0 188
347.1405 3144.0 188
347.4811 3224.0 188
347.8107 3336.0 188
348.1512 3448.0 188
348.4369 3564.0 188
348.7610 3716.0 188
349.1071 3836.0 188
349.4366 3928.0 188
349.7607 4008.0 188
350.1068 4048.0 188
350.4364 4064.0 188
350.7770 4072.0 188
351.1066 4096.0 188
351.3867 4144.0 188
351.7328 4224.0 188
