#RPLIDAR SCAN DATA
#COUNT=730
#Angule	Distance	Quality
351.9800 4704.0 188
352.3096 4704.0 188
352.6556 4640.0 188
352.9797 4616.0 188
353.3258 4616.0 188
353.6554 4616.0 188
353.9960 4624.0 188
354.3256 4648.0 188
354.6716 4656.0 188
354.9957 4656.0 188
355.3418 4656.0 188
355.6714 4640.0 188
356.0120 4632.0 188
356.3416 4624.0 188
356.6821 4600.0 188
357.0117 4576.0 188
357.3578 4568.0 188
357.6874 4544.0 188
358.0280 4520.0 188
358.3575 4520.0 188
358.6981 4520.0 188
359.0277 4520.0 188
359.3738 4504.0 188
359.6979 4488.0 188
0.0439 4504.0 188
0.3900 4528.0 188
0.7141 4544.0 188
1.0602 4552.0 188
1.3898 4632.0 188
1.7303 4712.0 188
2.0599 4720.0 188
2.4060 4720.0 188
2.7301 4744.0 188
3.0762 4744.0 188
3.4058 4720.0 188
3.7463 4696.0 188
4.0759 4688.0 188
4.4165 4712.0 188
4.7461 4720.0 188
5.0922 4752.0 188
5.4218 4784.0 188
5.7623 4760.0 188
6.0919 4776.0 188
6.4325 4848.0 188
6.7621 4888.0 188
7.1082 4888.0 188
7.4323 4904.0 188
7.7179 4960.0 188
8.0585 5008.0 188
8.3881 5056.0 188
8.7341 5120.0 188
9.7339 5152.0 188
10.0580 5192.0 188
10.6238 8984.0 188
10.9644 9008.0 188
11.4038 5232.0 188
11.7499 5208.0 188
12.0740 5184.0 188
12.4200 5176.0 188
12.7496 5192.0 188
13.0902 5192.0 188
13.7494 5184.0 188
14.3097 9408.0 188
14.6558 9448.0 188
14.9799 9384.0 188
15.3259 9464.0 188
15.6555 9448.0 188
16.3257 9368.0 188
16.6553 9408.0 188
16.9958 9368.0 188
17.3254 9304.0 188
17.6715 9376.0 188
17.9956 9400.0 188
18.3417 8808.0 188
18.6713 8664.0 188
19.0118 8544.0 188
19.3414 8464.0 188
19.6875 8488.0 188
20.0116 8504.0 188
20.3412 8400.0 188
20.6873 8704.0 188
21.0114 8600.0 188
21.6870 8576.0 188
22.6978 8584.0 188
23.3734 8920.0 188
23.7030 8992.0 188
24.0436 9032.0 188
24.3732 8984.0 188
24.7028 8968.0 188
25.0433 8968.0 188
25.3729 8976.0 188
25.7135 9088.0 188
26.0431 9216.0 188
26.3892 8824.0 188
26.7188 8832.0 188
27.0593 8808.0 188
27.3889 8712.0 188
27.7295 8592.0 188
28.0591 8536.0 188
28.3887 8600.0 188
28.7292 8704.0 188
29.7290 8656.0 188
30.4047 9040.0 188
30.7452 9000.0 188
31.0748 8904.0 188
31.7450 8848.0 188
32.7448 8920.0 188
33.0908 8904.0 188
33.4204 8840.0 188
33.7610 8840.0 188
34.4366 9200.0 188
34.7607 9144.0 188
35.1068 9144.0 188
35.7770 9200.0 188
36.1066 9072.0 188
36.7767 9008.0 188
37.1063 9128.0 188
37.4524 9072.0 188
37.7765 9048.0 188
38.1226 9008.0 188
38.4521 8888.0 188
38.7927 8864.0 188
39.1223 8800.0 188
39.4684 8800.0 188
39.7925 8800.0 188
40.1385 8856.0 188
40.4791 8840.0 188
40.8746 7520.0 188
41.1987 6640.0 188
41.5448 6608.0 188
41.8744 6576.0 188
42.2150 6512.0 188
42.5446 6504.0 188
42.8906 6544.0 188
43.2312 6592.0 188
43.5114 8456.0 188
43.8409 8440.0 188
44.1870 8384.0 188
44.5111 8352.0 188
44.8572 8360.0 188
45.1868 8368.0 188
45.5273 8384.0 188
45.8734 8408.0 188
46.2030 8440.0 188
46.5436 8520.0 188
46.8732 8664.0 188
47.2137 8704.0 188
47.5433 8664.0 188
47.8894 8728.0 188
48.2135 8824.0 188
48.6200 7408.0 188
48.9496 7384.0 188
49.2957 7376.0 188
49.6198 7432.0 188
49.9658 7456.0 188
50.2954 7496.0 188
50.6360 7632.0 188
50.9821 7976.0 188
51.3116 7968.0 188
51.6522 7864.0 188
51.9818 7744.0 188
52.3279 7688.0 188
52.6520 7696.0 188
52.9980 7704.0 188
53.3276 7176.0 188
53.6682 7192.0 188
54.0143 7192.0 188
54.3384 7184.0 188
54.6844 7192.0 188
55.0140 7208.0 188
55.3546 7240.0 188
55.6842 7256.0 188
56.0303 7280.0 188
56.3708 7312.0 188
56.7609 5992.0 188
57.0905 5680.0 188
57.4365 5680.0 188
57.7606 5632.0 188
58.1067 5600.0 188
58.4363 5600.0 188
58.7769 5592.0 188
59.1229 5656.0 188
59.4525 5712.0 188
59.7931 5712.0 188
60.1227 5640.0 188
60.4688 5632.0 188
60.7928 5640.0 188
61.1389 5648.0 188
61.4795 5696.0 188
61.8091 5752.0 188
62.1552 5760.0 188
62.4792 5776.0 188
62.8253 5912.0 188
63.1055 6272.0 188
63.7811 6328.0 188
64.1052 6416.0 188
64.4513 6480.0 188
64.7919 6552.0 188
65.1215 6624.0 188
65.4675 6712.0 188
65.7916 6832.0 188
66.1377 6936.0 188
66.4673 7000.0 188
66.8079 7088.0 188
67.1539 7176.0 188
67.4835 7168.0 188
67.8241 7176.0 188
68.1537 7208.0 188
68.4998 7216.0 188
68.8239 7320.0 188
69.1699 7344.0 188
69.4995 7320.0 188
69.8401 7472.0 188
70.1862 7632.0 188
70.5103 7696.0 188
70.8563 7720.0 188
71.1365 8800.0 188
72.1527 8736.0 188
72.8229 8768.0 188
73.1525 8864.0 188
73.4985 8832.0 188
74.1687 8856.0 188
74.5148 8872.0 188
74.8389 9200.0 188
75.1849 9328.0 188
75.5310 9640.0 188
75.8551 9600.0 188
76.2012 9520.0 188
76.5308 9576.0 188
76.8713 9744.0 188
77.2174 9704.0 188
77.5415 9648.0 188
78.2172 9624.0 188
79.2334 9168.0 188
79.5740 9264.0 188
79.9036 9376.0 188
80.2496 9424.0 188
80.5902 9472.0 188
80.9198 9488.0 188
81.2604 9528.0 188
81.5900 9648.0 188
81.9360 9752.0 188
82.2766 9872.0 188
82.6062 9944.0 188
82.9523 9896.0 188
83.2764 9880.0 188
83.6224 9888.0 188
83.9685 9824.0 188
84.2926 8976.0 188
84.6387 9400.0 188
84.9683 9432.0 188
85.3088 9880.0 188
86.3251 9896.0 188
86.6547 9864.0 188
86.9952 9456.0 188
87.3413 9416.0 188
87.6709 9360.0 188
88.0115 9360.0 188
88.3411 9448.0 188
88.6871 9584.0 188
89.0277 9648.0 188
89.3573 9688.0 188
89.6979 9704.0 188
90.4340 7696.0 188
90.7635 7632.0 188
91.1041 7560.0 188
91.4337 7528.0 188
91.7798 7608.0 188
92.4500 7920.0 188
93.4662 7928.0 188
93.7463 8672.0 188
94.1364 7984.0 188
94.4824 7968.0 188
94.8230 8000.0 188
95.1526 8008.0 188
95.4987 7928.0 188
95.8228 7856.0 188
96.1688 7872.0 188
96.5149 7880.0 188
96.8390 7760.0 188
97.5146 7672.0 188
97.7948 10464.0 188
98.1354 10464.0 188
98.4814 10568.0 188
98.8110 10648.0 188
99.1516 10544.0 188
99.4812 10576.0 188
99.8273 10720.0 188
100.1678 10768.0 188
100.4974 10856.0 188
100.8435 10840.0 188
101.5137 10808.0 188
101.8542 10840.0 188
102.1838 10952.0 188
102.5299 10968.0 188
102.8540 10856.0 188
103.2001 10800.0 188
103.5461 11280.0 188
104.8865 10920.0 188
105.2161 11008.0 188
105.5457 11152.0 188
105.8862 11208.0 188
106.2158 11200.0 188
106.5619 11072.0 188
107.2321 10864.0 188
107.5616 10952.0 188
108.5779 11168.0 188
109.2316 10288.0 188
109.5776 10400.0 188
110.2478 10704.0 188
110.5774 10784.0 188
110.9180 10792.0 188
111.5936 10768.0 188
112.5934 10752.0 188
113.5931 10648.0 188
115.2795 10608.0 188
115.6091 10576.0 188
115.9497 10536.0 188
116.2793 10600.0 188
116.6199 10608.0 188
116.9495 10592.0 188
117.2791 10704.0 188
117.6196 10272.0 188
118.6249 11328.0 188
118.9655 11272.0 188
119.6356 11352.0 188
119.9652 11336.0 188
120.3113 11192.0 188
120.6354 11176.0 188
120.9814 11256.0 188
121.3110 11336.0 188
121.6406 11176.0 188
121.9812 11072.0 188
122.3108 11136.0 188
122.6514 11016.0 188
123.3270 10576.0 188
123.6511 10704.0 188
123.9972 10776.0 188
124.6674 10736.0 188
125.6671 10656.0 188
126.6669 10664.0 188
127.0129 10808.0 188
127.6831 11208.0 188
128.6829 11192.0 188
129.6826 11056.0 188
130.3583 10912.0 188
130.6989 10888.0 188
131.6986 10864.0 188
132.0447 11288.0 188
132.7148 11264.0 188
133.7146 11208.0 188
134.0442 11136.0 188
134.7144 10704.0 188
135.0604 10760.0 188
135.7306 10776.0 188
136.4063 10448.0 188
136.7303 9936.0 188
137.0764 9896.0 188
137.4060 9736.0 188
137.7466 9648.0 188
138.0762 9600.0 188
138.4058 9576.0 188
138.7463 9536.0 188
139.0759 9464.0 188
139.4165 9432.0 188
139.7461 9368.0 188
140.0922 9464.0 188
140.4218 9496.0 188
140.7623 9408.0 188
141.0919 9496.0 188
141.4325 9520.0 188
141.7621 9448.0 188
142.1082 9416.0 188
142.4323 9368.0 188
142.7783 9384.0 188
143.1079 9528.0 188
143.4375 9552.0 188
143.7781 9448.0 188
144.1077 9376.0 188
144.4482 9384.0 188
144.7778 9448.0 188
145.1239 9408.0 188
145.7941 9304.0 188
146.1237 9280.0 188
146.4642 9344.0 188
146.7938 9280.0 188
147.1399 9248.0 188
147.4640 9344.0 188
147.8101 9344.0 188
148.1396 9408.0 188
148.4802 9400.0 188
148.8098 9352.0 188
149.1394 9384.0 188
149.4800 9360.0 188
149.8096 9296.0 188
150.1556 9280.0 188
150.4797 9296.0 188
150.8258 9296.0 188
151.1554 9288.0 188
151.4960 9336.0 188
151.8256 9376.0 188
152.1716 9352.0 188
152.4957 9400.0 188
152.8418 9440.0 188
153.1714 9432.0 188
153.5120 9456.0 188
153.8416 9552.0 188
154.1711 9536.0 188
154.5117 9848.0 188
154.8413 9736.0 188
155.1874 9768.0 188
155.8575 10296.0 188
156.1871 9912.0 188
156.5277 9592.0 188
156.8573 9584.0 188
157.1979 9576.0 188
157.5275 9064.0 188
157.8735 9096.0 188
158.2031 9136.0 188
158.5437 9080.0 188
158.8733 8968.0 188
159.2139 8864.0 188
159.5435 8824.0 188
159.8730 8824.0 188
160.2136 8736.0 188
160.5432 8736.0 188
160.8893 8728.0 188
161.2134 8664.0 188
161.5594 8616.0 188
161.8890 8592.0 188
162.2296 8528.0 188
162.5592 8472.0 188
162.9053 8416.0 188
163.2294 8336.0 188
163.5754 8272.0 188
163.9050 8256.0 188
164.2456 8304.0 188
164.5752 8312.0 188
164.9048 8320.0 188
165.2454 8280.0 188
165.5750 8248.0 188
165.9210 8256.0 188
166.2451 8264.0 188
166.5912 8264.0 188
166.9208 8232.0 188
167.3108 8184.0 188
167.5909 8216.0 188
167.9810 8192.0 188
168.3270 8160.0 188
168.6511 8144.0 188
168.9972 8120.0 188
169.3268 8120.0 188
169.6674 8088.0 188
169.9969 8040.0 188
170.3430 7984.0 188
170.6671 7992.0 188
171.0132 7984.0 188
171.3428 7976.0 188
171.6833 7984.0 188
172.0129 7984.0 188
172.3590 8008.0 188
172.6831 8096.0 188
172.9688 8200.0 188
173.3093 8944.0 188
173.6389 8920.0 188
173.9795 8976.0 188
174.3091 9120.0 188
174.6387 9272.0 188
174.9792 9320.0 188
175.3088 9336.0 188
175.6549 9440.0 188
175.9790 9544.0 188
176.9952 9552.0 188
177.3248 9512.0 188
177.6709 9424.0 188
177.9950 9360.0 188
179.0112 8736.0 188
179.3408 8632.0 188
180.0769 7288.0 188
180.3571 8672.0 188
181.0272 8792.0 188
181.3568 8472.0 188
181.7029 8480.0 188
182.0929 7640.0 188
183.0927 7592.0 188
184.4989 5456.0 188
184.8230 5424.0 188
185.1691 5264.0 188
185.8887 4728.0 188
186.2292 4648.0 188
186.5588 4200.0 188
186.9049 4132.0 188
187.2949 4008.0 188
187.6245 3916.0 188
187.9651 3824.0 188
188.2947 3704.0 188
188.6353 3548.0 188
189.0308 3376.0 188
189.3549 3244.0 188
189.7009 3136.0 188
190.0909 3024.0 188
190.4205 2940.0 188
190.7611 2864.0 188
191.0907 2768.0 188
191.4972 2688.0 188
191.8268 2596.0 188
192.1509 2512.0 188
192.5574 2444.0 188
192.8870 2368.0 188
193.2330 2296.0 188
193.5571 2236.0 188
193.9526 2184.0 188
194.2932 2132.0 188
194.6228 2084.0 188
195.0128 2044.0 188
195.3589 2012.0 188
195.6830 1964.0 188
196.0291 1914.0 188
196.4191 1880.0 188
196.7487 1848.0 188
197.0892 1812.0 188
197.4188 1776.0 188
197.8088 1742.0 188
198.1549 1712.0 188
198.4790 1682.0 188
198.8251 1656.0 188
199.2151 1634.0 188
199.5447 1606.0 188
199.8853 1576.0 188
200.2148 1550.0 188
200.6049 1526.0 188
200.9509 1498.0 188
201.2805 1474.0 188
201.6211 1448.0 188
202.0111 1422.0 188
202.3407 1404.0 188
202.6868 1386.0 188
203.0768 1362.0 188
203.4174 1346.0 188
203.7469 1330.0 188
204.0930 1308.0 188
204.4830 1288.0 188
204.8071 1272.0 188
205.1532 1258.0 188
205.4828 1242.0 188
205.8728 1228.0 188
206.2134 1214.0 188
206.5430 1202.0 188
206.8890 1182.0 188
207.2791 1160.0 188
207.6086 1146.0 188
207.9492 1136.0 188
208.2788 1124.0 188
208.6853 1112.0 188
209.0149 1098.0 188
209.3555 1082.0 188
209.6851 1074.0 188
210.0751 1064.0 188
210.4211 1056.0 188
210.7452 1050.0 188
211.0913 1042.0 188
211.4209 1038.0 188
212.4371 1038.0 188
297.6086 654.0 188
297.9492 652.0 188
298.2788 652.0 188
298.6249 652.0 188
298.9490 652.0 188
299.2950 650.0 188
299.6246 650.0 188
299.9652 650.0 188
300.2948 652.0 188
300.6354 652.0 188
300.9650 652.0 188
301.3110 650.0 188
301.6406 650.0 188
301.9812 650.0 188
302.3273 652.0 188
302.6514 654.0 188
302.9974 654.0 188
303.3270 656.0 188
303.6676 660.0 188
303.9972 662.0 188
304.3433 664.0 188
304.6234 668.0 188
304.9530 670.0 188
305.2936 672.0 188
305.6232 674.0 188
305.9637 674.0 188
306.3098 678.0 188
306.6394 682.0 188
306.9196 684.0 188
307.2656 688.0 188
307.5897 690.0 188
307.9358 694.0 188
308.2654 696.0 188
308.6060 700.0 188
308.8861 704.0 188
309.2157 708.0 188
309.5618 710.0 188
309.8859 712.0 188
310.2319 716.0 188
310.5780 722.0 188
310.8582 726.0 188
311.1823 732.0 188
311.5283 738.0 188
311.8579 742.0 188
312.1381 746.0 188
312.4841 750.0 188
312.8082 756.0 188
313.1543 762.0 188
313.4839 766.0 188
313.7640 770.0 188
314.1046 772.0 188
314.4342 776.0 188
314.7803 782.0 188
315.1208 786.0 188
315.4504 790.0 188
315.7306 796.0 188
316.0767 800.0 188
316.4063 804.0 188
316.7468 808.0 188
317.0764 814.0 188
317.3566 820.0 188
317.7026 826.0 188
318.0267 830.0 188
318.3728 836.0 188
318.7024 844.0 188
318.9825 848.0 188
319.3231 856.0 188
319.6692 864.0 188
319.9988 870.0 188
320.3394 876.0 188
320.6250 884.0 188
320.9491 894.0 188
321.2952 904.0 188
321.6248 906.0 188
321.9049 914.0 188
322.2455 924.0 188
322.5751 930.0 188
322.9211 934.0 188
323.2452 940.0 188
323.5309 948.0 188
323.8715 956.0 188
324.2175 966.0 188
324.5416 974.0 188
324.8273 984.0 188
325.1678 994.0 188
325.4974 1002.0 188
325.8435 1012.0 188
326.1237 1026.0 188
326.4478 1038.0 188
326.7938 1044.0 188
327.1234 1054.0 188
327.4640 1066.0 188
327.7496 1078.0 188
328.0737 1086.0 188
328.4198 1092.0 188
328.7604 1102.0 188
329.0900 1114.0 188
329.3701 1128.0 188
329.7162 1142.0 188
330.0458 1158.0 188
330.3259 1172.0 188
330.6665 1182.0 188
330.9961 1194.0 188
331.3422 1218.0 188
331.6223 1244.0 188
331.9519 1262.0 188
332.2925 1278.0 188
332.6221 1292.0 188
332.9022 1306.0 188
333.2318 1322.0 188
333.5779 1338.0 188
333.9020 1354.0 188
334.1821 1372.0 188
334.5282 1390.0 188
334.8578 1406.0 188
335.1984 1428.0 188
335.5280 1446.0 188
335.8081 1462.0 188
336.1542 1476.0 188
336.4838 1496.0 188
336.8243 1518.0 188
337.1045 1540.0 188
337.4341 1562.0 188
337.7637 1586.0 188
338.1042 1612.0 188
338.3899 1644.0 188
338.7140 1670.0 188
339.0601 1692.0 188
339.3896 1722.0 188
339.7302 1756.0 188
340.0104 1784.0 188
340.3400 1816.0 188
340.6860 1860.0 188
340.9662 1908.0 188
341.2958 1954.0 188
341.6364 1994.0 188
341.9659 2034.0 188
342.2461 2080.0 188
342.5922 2132.0 188
342.9218 2188.0 188
343.2019 2236.0 188
343.5260 2304.0 188
343.8721 2376.0 188
344.2017 2448.0 188
344.4818 2584.0 188
344.8279 2708.0 188
345.1080 2768.0 188
345.4321 2824.0 188
345.7782 2896.0 188
346.1078 3008.0 188
346.3879 3116.0 188
346.7340 3192.0 188
347.0581 3288.0 188
347.4042 3420.0 188
347.6678 3604.0 188
348.0139 3776.0 188
348.3435 3928.0 188
348.6841 4044.0 188
348.9642 4168.0 188
349.2938 4272.0 188
349.6399 4288.0 188
349.9640 4312.0 188
350.3101 4448.0 188
350.6396 4584.0 188
350.9802 4624.0 188
351.3098 4632.0 188
351.6559 4648.0 188
