#RPLIDAR SCAN DATA
#COUNT=700
#Angule	Distance	Quality
352.1063 4512.0 188
352.4359 4504.0 188
352.7765 4456.0 188
353.1061 4416.0 188
353.4521 4376.0 188
353.7762 4352.0 188
354.1223 4344.0 188
354.4519 4344.0 188
354.7925 4336.0 188
355.1221 4312.0 188
355.4517 4256.0 188
355.7922 4208.0 188
356.1218 4192.0 188
356.4679 4200.0 188
356.7920 4232.0 188
357.1381 4152.0 188
357.5281 4060.0 188
357.8741 4028.0 188
358.1982 4000.0 188
358.5278 4000.0 188
358.8739 3996.0 188
359.1980 3988.0 188
359.5441 4000.0 188
359.8737 4016.0 188
0.2142 4036.0 188
0.5438 4056.0 188
0.8240 4160.0 188
1.1700 4240.0 188
1.4996 4280.0 188
1.8402 4320.0 188
2.1698 4296.0 188
2.5104 4280.0 188
2.8400 4288.0 188
3.1860 4288.0 188
3.5156 4304.0 188
3.8562 4288.0 188
4.1858 4272.0 188
4.5264 4296.0 188
4.8560 4320.0 188
5.2020 4304.0 188
5.5261 4288.0 188
5.8722 4288.0 188
6.2018 4352.0 188
6.5424 4392.0 188
6.8719 4416.0 188
7.2180 4448.0 188
7.5421 4488.0 188
7.8882 4512.0 188
8.2178 4520.0 188
8.5583 4576.0 188
8.8879 4640.0 188
9.2340 4680.0 188
9.5581 4696.0 188
9.9042 4696.0 188
10.2338 4720.0 188
10.5743 4720.0 188
10.9039 4704.0 188
11.2335 4712.0 188
11.5741 4712.0 188
11.9037 4712.0 188
12.2498 4704.0 188
12.5739 4696.0 188
12.9199 4728.0 188
13.2495 4800.0 188
13.5901 4824.0 188
13.9197 4808.0 188
14.7656 11288.0 188
20.1379 9088.0 188
20.8081 9456.0 188
21.8079 9448.0 188
22.1539 9416.0 188
22.8241 9856.0 188
23.8239 9432.0 188
24.8236 9480.0 188
26.8396 9088.0 188
29.8718 9224.0 188
37.9193 10272.0 188
39.9353 10128.0 188
40.3253 6816.0 188
40.6714 6720.0 188
40.9955 6536.0 188
41.3416 6464.0 188
41.6711 6496.0 188
41.9952 6456.0 188
42.3413 6368.0 188
42.6709 6312.0 188
43.0115 6288.0 188
43.3411 6264.0 188
43.6871 6272.0 188
44.0112 6248.0 188
44.3573 6192.0 188
44.6869 6184.0 188
45.0275 6240.0 188
45.3571 6304.0 188
45.7031 6392.0 188
46.0272 6488.0 188
46.3733 6520.0 188
46.7029 6520.0 188
47.0435 6584.0 188
47.3895 6640.0 188
47.7136 6656.0 188
48.0597 6688.0 188
48.3893 6752.0 188
48.7299 6856.0 188
49.0594 6976.0 188
49.4055 7040.0 188
49.7461 7040.0 188
50.0757 7120.0 188
50.4218 7216.0 188
50.7458 7256.0 188
51.0919 7264.0 188
51.4215 7296.0 188
51.7621 7376.0 188
52.1082 7408.0 188
52.4323 7432.0 188
52.7783 7472.0 188
53.1079 7480.0 188
53.4485 7616.0 188
53.7781 7760.0 188
54.1241 7824.0 188
54.4647 7904.0 188
54.7943 7968.0 188
55.1404 8048.0 188
55.4645 7528.0 188
55.8105 7520.0 188
56.1401 7496.0 188
56.4807 7424.0 188
56.8268 7424.0 188
57.1509 7480.0 188
57.4969 7536.0 188
57.8265 7576.0 188
58.1671 7592.0 188
58.5571 6016.0 188
58.9032 5536.0 188
59.2328 5512.0 188
59.5734 5512.0 188
59.9030 5552.0 188
60.2490 5568.0 188
60.5731 5584.0 188
60.9192 5624.0 188
61.2653 5640.0 188
61.5894 5656.0 188
61.9354 5680.0 188
62.2650 5712.0 188
62.6056 5744.0 188
62.9352 6112.0 188
63.2813 6112.0 188
63.9020 6656.0 188
64.2316 6656.0 188
64.5776 6632.0 188
64.9017 6672.0 188
65.2478 6720.0 188
65.5774 6776.0 188
65.9180 6848.0 188
66.2640 6952.0 188
66.5936 7120.0 188
66.9342 7208.0 188
67.2638 7272.0 188
67.6044 7352.0 188
68.2800 8056.0 188
68.9502 8104.0 188
69.2963 8160.0 188
69.6204 8104.0 188
69.9664 7800.0 188
70.2960 7800.0 188
70.6366 7880.0 188
70.9827 7888.0 188
71.3123 7904.0 188
71.6528 8096.0 188
72.2626 8280.0 188
73.9490 9144.0 188
74.2950 9024.0 188
74.6246 8984.0 188
74.9652 9496.0 188
75.2948 9424.0 188
75.6354 9416.0 188
75.9814 9504.0 188
76.3110 9576.0 188
76.6516 9656.0 188
76.9812 9736.0 188
77.3273 9696.0 188
77.6514 9704.0 188
77.9974 9688.0 188
78.3435 9584.0 188
78.6676 9584.0 188
79.0137 9448.0 188
79.3433 9328.0 188
79.6838 9304.0 188
80.0134 9328.0 188
80.3540 9352.0 188
80.6836 9312.0 188
81.0297 9344.0 188
81.3702 9416.0 188
81.6998 9472.0 188
82.0459 9544.0 188
82.3700 9656.0 188
82.7161 9744.0 188
83.0457 9704.0 188
83.3862 9616.0 188
83.7158 9480.0 188
84.0619 9424.0 188
84.3860 9344.0 188
84.7321 9184.0 188
85.0781 9288.0 188
85.4022 9632.0 188
85.7483 9608.0 188
86.0779 9680.0 188
86.4185 9680.0 188
86.7480 9592.0 188
87.0886 9528.0 188
87.4182 9448.0 188
87.7643 9416.0 188
88.0884 9488.0 188
88.4344 9568.0 188
88.7640 9560.0 188
89.1046 9552.0 188
89.4507 9656.0 188
89.7803 9656.0 188
90.5109 7696.0 188
90.8405 7696.0 188
91.1865 7616.0 188
91.5106 7568.0 188
92.1368 8968.0 188
92.5269 7856.0 188
93.5431 7896.0 188
93.8727 8008.0 188
94.2188 8016.0 188
94.5428 7936.0 188
94.8889 7944.0 188
95.2185 7808.0 188
95.5591 7776.0 188
95.8887 7800.0 188
96.2292 7496.0 188
96.5588 7472.0 188
96.9049 7504.0 188
97.2455 7592.0 188
97.5751 7616.0 188
97.9211 7664.0 188
98.2013 10448.0 188
98.5309 10752.0 188
98.8715 10376.0 188
99.2010 10448.0 188
99.5416 10448.0 188
99.8712 10776.0 188
100.5469 10840.0 188
100.8875 11256.0 188
101.2170 10824.0 188
101.5576 10768.0 188
101.9037 10656.0 188
102.2333 10640.0 188
102.5739 11160.0 188
103.2495 11144.0 188
103.5736 11000.0 188
103.9197 10880.0 188
104.5898 11016.0 188
104.9194 11200.0 188
105.2655 11280.0 188
105.6061 11296.0 188
105.9357 11216.0 188
106.2762 11120.0 188
106.6058 11192.0 188
106.9519 11232.0 188
107.2760 11176.0 188
107.6221 11192.0 188
108.6218 10744.0 188
108.9679 10712.0 188
109.6381 11032.0 188
109.9841 10912.0 188
110.3082 10808.0 188
110.6543 10760.0 188
110.9839 10696.0 188
111.3245 10744.0 188
111.6541 10680.0 188
111.9946 10368.0 188
112.3242 10384.0 188
112.6703 10488.0 188
112.9999 10464.0 188
113.3405 10384.0 188
113.6700 10440.0 188
114.0106 10384.0 188
114.3402 9704.0 188
114.6863 9656.0 188
115.0104 10160.0 188
115.6860 10288.0 188
116.7023 10232.0 188
117.7020 10048.0 188
118.0261 10040.0 188
118.3722 10152.0 188
118.7018 10296.0 188
119.7180 10304.0 188
121.7340 10944.0 188
124.7498 10424.0 188
125.0903 10464.0 188
125.4199 10480.0 188
125.7605 10536.0 188
126.0901 10632.0 188
126.4362 10552.0 188
126.7603 10536.0 188
127.1063 10480.0 188
127.4359 10328.0 188
127.7765 10424.0 188
128.1061 10504.0 188
128.4521 10488.0 188
128.7762 10856.0 188
129.1223 10760.0 188
129.7925 10760.0 188
130.1221 10768.0 188
130.4681 10704.0 188
130.7922 10744.0 188
131.1383 10840.0 188
131.4679 10768.0 188
131.8085 10736.0 188
132.1381 10808.0 188
132.4677 10736.0 188
132.8082 10776.0 188
133.1378 10880.0 188
133.4839 10544.0 188
133.8080 10200.0 188
134.1541 10136.0 188
134.4836 9968.0 188
134.8242 9544.0 188
137.1698 9568.0 188
137.8400 9160.0 188
138.8562 9024.0 188
139.1858 8816.0 188
139.5264 8808.0 188
139.8560 8800.0 188
140.2020 8864.0 188
140.5261 8880.0 188
140.8722 8824.0 188
141.2018 8816.0 188
141.5424 8824.0 188
141.8719 8888.0 188
142.2180 8920.0 188
142.5421 8976.0 188
142.8882 9024.0 188
143.2178 9008.0 188
143.5583 9064.0 188
143.8879 9080.0 188
144.2340 9032.0 188
144.5581 9088.0 188
144.9042 9088.0 188
145.2338 9080.0 188
145.5579 9104.0 188
145.9039 9056.0 188
146.2335 9024.0 188
146.5741 9056.0 188
146.9037 9000.0 188
147.2498 9000.0 188
147.5739 9168.0 188
147.9199 9208.0 188
148.2495 9168.0 188
148.5901 9224.0 188
148.9197 9168.0 188
149.2603 9184.0 188
149.5898 9304.0 188
149.9359 9312.0 188
150.2655 9264.0 188
150.5896 9280.0 188
150.9357 9240.0 188
151.2653 9176.0 188
151.6058 9104.0 188
151.9354 9112.0 188
152.2760 9088.0 188
152.6056 9016.0 188
152.9517 9064.0 188
153.2813 9008.0 188
153.6218 8936.0 188
153.9514 8912.0 188
154.2920 8928.0 188
154.9677 8544.0 188
155.2917 8464.0 188
155.6378 8416.0 188
155.9674 8472.0 188
156.2915 8432.0 188
156.6376 8376.0 188
156.9672 8416.0 188
157.3077 8424.0 188
157.6373 8424.0 188
157.9834 8400.0 188
158.3075 8320.0 188
158.6536 8336.0 188
158.9832 8336.0 188
159.3237 8312.0 188
159.7137 8176.0 188
160.0433 8112.0 188
160.3894 8120.0 188
160.7135 8088.0 188
161.0596 8112.0 188
161.3892 8080.0 188
161.7297 8040.0 188
162.0593 8032.0 188
162.3889 7992.0 188
162.7295 7992.0 188
163.0591 8048.0 188
163.4052 7984.0 188
164.0753 7920.0 188
164.4049 7952.0 188
165.0751 7984.0 188
165.4211 8016.0 188
165.7452 7984.0 188
166.0913 7904.0 188
166.4209 7880.0 188
166.7615 7928.0 188
167.0911 7912.0 188
167.4207 7800.0 188
168.0908 7776.0 188
168.4369 7680.0 188
168.7610 7520.0 188
169.1071 7520.0 188
169.4366 7496.0 188
169.7772 7456.0 188
170.1068 7488.0 188
170.4529 7456.0 188
170.7770 7408.0 188
171.1230 7336.0 188
171.4526 7304.0 188
171.7932 7176.0 188
172.1228 7056.0 188
172.4634 7112.0 188
172.7930 7136.0 188
173.1226 7216.0 188
173.4686 7336.0 188
173.7927 7456.0 188
174.1388 7616.0 188
174.4684 7688.0 188
174.8090 7792.0 188
175.1385 7960.0 188
175.4187 8376.0 188
175.7648 8880.0 188
176.0889 8856.0 188
176.4349 8896.0 188
176.8250 8080.0 188
177.1545 7936.0 188
177.4951 7560.0 188
177.8247 7424.0 188
178.1708 7288.0 188
178.4949 7288.0 188
178.8409 7264.0 188
179.1705 6296.0 188
179.5111 6272.0 188
179.8407 6272.0 188
180.1868 6376.0 188
180.5109 6456.0 188
180.8569 6392.0 188
181.1865 6344.0 188
181.5271 6376.0 188
181.8567 6368.0 188
182.2028 6336.0 188
182.5269 6360.0 188
182.8729 6392.0 188
183.2025 6360.0 188
183.9331 5624.0 188
184.2627 5568.0 188
184.6088 5400.0 188
184.9329 5232.0 188
185.3229 4888.0 188
185.6689 4760.0 188
185.9985 4368.0 188
186.3391 4280.0 188
186.7291 3960.0 188
187.0587 3892.0 188
187.4048 3732.0 188
187.7344 3604.0 188
188.1244 3508.0 188
188.5144 3020.0 188
188.8550 3004.0 188
189.1846 2976.0 188
189.5306 2964.0 188
189.8547 2944.0 188
190.2008 2892.0 188
190.5304 2800.0 188
190.9204 2708.0 188
191.2610 2616.0 188
191.5906 2528.0 188
191.9366 2468.0 188
192.3267 2400.0 188
192.6563 2328.0 188
192.9968 2272.0 188
193.3868 2216.0 188
193.7164 2156.0 188
194.0625 2112.0 188
194.3866 2080.0 188
194.7766 2044.0 188
195.1227 2014.0 188
195.4523 1982.0 188
195.7928 1958.0 188
196.1224 1916.0 188
196.5125 1864.0 188
196.8585 1820.0 188
197.1826 1774.0 188
197.5781 1730.0 188
197.9187 1694.0 188
198.2483 1668.0 188
198.6548 1638.0 188
198.9844 1610.0 188
199.3085 1580.0 188
199.6545 1548.0 188
200.0446 1524.0 188
200.3906 1496.0 188
200.7147 1476.0 188
201.0608 1458.0 188
201.4508 1438.0 188
201.7804 1416.0 188
202.1210 1392.0 188
202.4506 1370.0 188
202.8406 1354.0 188
203.1866 1338.0 188
203.5107 1316.0 188
203.8568 1298.0 188
204.2468 1284.0 188
204.5764 1268.0 188
204.9170 1248.0 188
205.2466 1230.0 188
205.6366 1214.0 188
205.9827 1202.0 188
206.3123 1190.0 188
206.6528 1172.0 188
207.0428 1154.0 188
207.3724 1140.0 188
207.7185 1124.0 188
208.1085 1114.0 188
208.4326 1106.0 188
208.7787 1092.0 188
209.1083 1082.0 188
209.4489 1074.0 188
209.8389 1064.0 188
210.1685 1056.0 188
210.5145 1050.0 188
210.8551 1040.0 188
211.1847 1032.0 188
211.5308 1026.0 188
212.5305 1026.0 188
297.7954 654.0 188
298.1360 652.0 188
298.4656 652.0 188
298.8116 652.0 188
299.1357 652.0 188
299.4818 652.0 188
299.8114 652.0 188
300.1520 650.0 188
300.4816 652.0 188
300.8276 652.0 188
301.1517 652.0 188
301.4978 652.0 188
301.8274 652.0 188
302.1680 652.0 188
302.4976 654.0 188
302.8436 656.0 188
303.1677 658.0 188
303.5138 660.0 188
303.8434 662.0 188
304.1840 664.0 188
304.4641 668.0 188
304.7937 670.0 188
305.1398 672.0 188
305.4639 674.0 188
305.8099 678.0 188
306.1395 682.0 188
306.4197 684.0 188
306.7603 686.0 188
307.0898 688.0 188
307.4359 692.0 188
307.7655 696.0 188
308.1061 698.0 188
308.4357 700.0 188
308.7158 706.0 188
309.0619 710.0 188
309.3860 716.0 188
309.7321 720.0 188
310.0122 724.0 188
310.3418 730.0 188
310.6824 732.0 188
311.0120 734.0 188
311.3580 738.0 188
311.6821 742.0 188
311.9678 746.0 188
312.3083 752.0 188
312.6379 756.0 188
312.9840 760.0 188
313.3081 766.0 188
313.6542 768.0 188
313.9343 774.0 188
314.2639 780.0 188
314.6045 784.0 188
314.9341 786.0 188
315.2802 788.0 188
315.5603 794.0 188
315.8899 800.0 188
316.2305 804.0 188
316.5601 810.0 188
316.9061 818.0 188
317.1863 822.0 188
317.5104 828.0 188
317.8564 832.0 188
318.1860 838.0 188
318.5266 844.0 188
318.8123 850.0 188
319.1364 856.0 188
319.4824 864.0 188
319.8120 870.0 188
320.1526 874.0 188
320.4327 884.0 188
320.7623 888.0 188
321.1084 892.0 188
321.4325 900.0 188
321.7786 904.0 188
322.1082 908.0 188
322.3883 916.0 188
322.7344 924.0 188
323.0585 930.0 188
323.4045 936.0 188
323.6847 946.0 188
324.0143 962.0 188
324.3549 972.0 188
324.6844 980.0 188
324.9646 990.0 188
325.3107 996.0 188
325.6403 1004.0 188
325.9808 1012.0 188
326.3104 1020.0 188
326.5906 1034.0 188
326.9366 1046.0 188
327.2607 1060.0 188
327.5464 1072.0 188
327.8705 1078.0 188
328.2166 1092.0 188
328.5461 1104.0 188
328.8867 1116.0 188
329.1669 1132.0 188
329.4965 1148.0 188
329.8425 1160.0 188
330.1666 1168.0 188
330.4523 1176.0 188
330.7928 1188.0 188
331.1224 1202.0 188
331.4685 1212.0 188
331.7926 1226.0 188
332.0728 1244.0 188
332.4188 1262.0 188
332.7484 1276.0 188
333.0890 1294.0 188
333.3746 1316.0 188
333.6987 1332.0 188
334.0448 1344.0 188
334.3744 1364.0 188
334.6545 1386.0 188
334.9951 1402.0 188
335.3247 1422.0 188
335.6708 1442.0 188
335.9509 1466.0 188
336.2805 1494.0 188
336.6211 1520.0 188
336.9012 1538.0 188
337.2308 1558.0 188
337.5769 1592.0 188
337.9010 1622.0 188
338.1866 1644.0 188
338.5272 1676.0 188
338.8568 1712.0 188
339.2029 1740.0 188
339.4830 1762.0 188
339.8071 1800.0 188
340.1532 1848.0 188
340.4828 1888.0 188
340.7629 1918.0 188
341.1090 1950.0 188
341.4331 1990.0 188
341.7792 2036.0 188
342.0428 2104.0 188
342.3889 2160.0 188
342.7185 2196.0 188
342.9987 2252.0 188
343.3392 2300.0 188
343.6688 2356.0 188
343.9490 2464.0 188
344.2950 2576.0 188
344.6246 2668.0 188
344.9048 2772.0 188
345.2454 2872.0 188
345.5750 2964.0 188
345.8551 3088.0 188
346.2012 3200.0 188
346.5308 3292.0 188
346.8713 3392.0 188
347.2009 3484.0 188
347.4811 3588.0 188
347.8271 3744.0 188
348.1512 3872.0 188
348.4973 3940.0 188
348.8269 4004.0 188
349.1675 4036.0 188
349.4971 4088.0 188
349.7772 4496.0 188
350.1068 4504.0 188
350.4529 4504.0 188
350.7770 4504.0 188
351.1230 4528.0 188
351.4526 4544.0 188
351.7932 4512.0 188
