#RPLIDAR SCAN DATA
#COUNT=697
#Angule	Distance	Quality
352.1228 3904.0 188
352.4524 3904.0 188
352.7930 3904.0 188
353.1390 3884.0 188
353.4686 3880.0 188
353.8092 3892.0 188
354.1388 3888.0 188
354.4794 3892.0 188
354.8090 3900.0 188
355.1550 3888.0 188
355.4791 3884.0 188
355.8252 3880.0 188
356.1548 3860.0 188
356.4954 3852.0 188
356.8250 3880.0 188
357.1710 3892.0 188
357.4951 3908.0 188
357.8412 3916.0 188
358.1708 3916.0 188
358.5114 3928.0 188
358.8409 3952.0 188
359.1870 3960.0 188
359.5111 3928.0 188
359.8572 3920.0 188
0.1868 3940.0 188
0.5273 3960.0 188
0.8569 3964.0 188
1.2030 3972.0 188
1.5271 3976.0 188
1.8732 3976.0 188
2.2028 3988.0 188
2.5433 4028.0 188
2.8729 4080.0 188
3.1531 4112.0 188
3.4991 4128.0 188
3.8232 4144.0 188
4.1693 4168.0 188
4.4989 4192.0 188
4.8395 4224.0 188
5.1691 4240.0 188
5.5151 4272.0 188
5.8392 4264.0 188
6.1853 4264.0 188
6.5149 4296.0 188
6.8555 4344.0 188
7.1851 4376.0 188
7.5311 4408.0 188
7.8552 4504.0 188
8.2013 4544.0 188
8.5309 4552.0 188
8.8715 4600.0 188
9.2010 4640.0 188
9.5416 4624.0 188
9.8712 4608.0 188
10.2173 4584.0 188
10.5469 4568.0 188
10.8875 4584.0 188
11.2170 4592.0 188
11.5466 4584.0 188
11.8872 4616.0 188
12.2168 4704.0 188
12.5574 4808.0 188
16.0126 13168.0 188
16.3586 13304.0 188
17.0288 13408.0 188
17.3584 13024.0 188
18.3746 13168.0 188
30.4816 11840.0 188
31.4978 11848.0 188
44.5935 10512.0 188
45.5933 10392.0 188
46.9995 6760.0 188
47.3401 6744.0 188
47.6862 6728.0 188
48.0103 6688.0 188
48.3563 6736.0 188
48.6859 6848.0 188
49.0265 6904.0 188
49.3561 6928.0 188
49.7021 6928.0 188
50.0427 6928.0 188
50.3723 6960.0 188
50.7184 7016.0 188
51.0425 7048.0 188
51.3885 7064.0 188
51.7291 7088.0 188
52.0587 7224.0 188
52.7344 7328.0 188
53.0750 7256.0 188
53.4045 7272.0 188
53.7451 7320.0 188
54.0912 7352.0 188
54.4208 7376.0 188
54.7614 7408.0 188
55.0909 7400.0 188
55.4370 7360.0 188
55.7776 7376.0 188
56.1072 7392.0 188
56.7773 7400.0 188
57.1234 7528.0 188
57.4530 7624.0 188
57.7936 7640.0 188
58.1396 7600.0 188
58.4637 8104.0 188
58.8098 8056.0 188
59.1394 8080.0 188
59.4800 8112.0 188
59.8260 8048.0 188
60.1556 8032.0 188
60.4962 8112.0 188
60.8258 8128.0 188
61.1719 8144.0 188
61.4520 8224.0 188
61.7761 8232.0 188
62.1222 8312.0 188
62.4683 8384.0 188
62.7924 8368.0 188
63.1824 7224.0 188
63.5284 7240.0 188
63.8745 7160.0 188
64.1986 7112.0 188
64.5447 7088.0 188
64.8743 7104.0 188
65.2148 7168.0 188
65.5444 7152.0 188
65.8905 7216.0 188
66.2311 7240.0 188
66.5607 7240.0 188
66.9012 7296.0 188
67.2308 7320.0 188
67.5769 7304.0 188
67.9010 7256.0 188
68.2471 7320.0 188
68.5931 7920.0 188
68.9172 7968.0 188
69.2633 8016.0 188
69.5929 8008.0 188
69.9335 8040.0 188
70.2795 7976.0 188
70.6091 7936.0 188
70.9497 7912.0 188
71.9495 7928.0 188
72.2296 8888.0 188
72.9218 8912.0 188
73.2458 9024.0 188
73.5919 9136.0 188
73.9215 9112.0 188
74.2621 9552.0 188
74.5917 9568.0 188
74.9323 9544.0 188
75.2618 9592.0 188
75.6079 9720.0 188
75.9485 9720.0 188
76.2781 9704.0 188
76.6241 9704.0 188
76.9482 9736.0 188
77.2943 9712.0 188
77.6239 9632.0 188
77.9645 9760.0 188
78.2941 9904.0 188
78.9642 9856.0 188
79.3103 9248.0 188
79.6509 9200.0 188
79.9805 9096.0 188
80.3265 9072.0 188
80.6561 9096.0 188
80.9967 9144.0 188
81.3263 9264.0 188
81.6669 9336.0 188
81.9965 9352.0 188
82.3425 9440.0 188
82.6666 9480.0 188
83.0127 9448.0 188
83.3423 9464.0 188
83.6829 9472.0 188
84.0289 9448.0 188
84.3585 9472.0 188
84.6991 9392.0 188
85.0287 9232.0 188
85.3748 9280.0 188
85.6989 9408.0 188
86.0449 9448.0 188
86.3745 9496.0 188
86.7151 9520.0 188
87.0447 9544.0 188
87.3853 9528.0 188
87.7148 9360.0 188
88.0609 9336.0 188
88.4015 9464.0 188
88.7311 9464.0 188
89.0771 9464.0 188
89.4012 9568.0 188
89.7473 9592.0 188
90.0769 9552.0 188
90.4669 7824.0 188
90.8075 7752.0 188
91.1371 7656.0 188
91.4832 7624.0 188
92.1533 7640.0 188
92.4994 8128.0 188
93.1696 8064.0 188
93.4991 7968.0 188
93.8397 7936.0 188
94.1693 7984.0 188
94.5154 7984.0 188
94.8395 7856.0 188
95.1855 7744.0 188
95.5261 7800.0 188
95.8557 7816.0 188
96.2018 7504.0 188
96.5259 7456.0 188
96.8719 7408.0 188
97.2015 7400.0 188
97.5421 7448.0 188
98.2178 7616.0 188
98.4979 10424.0 188
98.8275 10464.0 188
99.1681 10480.0 188
99.4977 10512.0 188
99.8438 10944.0 188
100.1843 10880.0 188
100.5139 10288.0 188
101.1841 10832.0 188
101.5302 10784.0 188
101.8542 10776.0 188
102.2003 10808.0 188
102.5299 10744.0 188
102.8705 10808.0 188
103.2001 10840.0 188
103.5461 10768.0 188
103.8702 11160.0 188
104.2163 10832.0 188
104.8865 10824.0 188
105.2325 10752.0 188
106.2323 11136.0 188
106.5619 11136.0 188
106.9025 10688.0 188
107.2321 10736.0 188
107.5781 10808.0 188
107.9022 10776.0 188
108.2483 10640.0 188
108.5779 10520.0 188
108.9020 10552.0 188
109.2480 10560.0 188
109.5776 10584.0 188
109.9182 10696.0 188
110.2478 10792.0 188
110.5884 10712.0 188
110.9180 10672.0 188
111.2476 10720.0 188
111.5936 10336.0 188
111.9177 10400.0 188
112.2638 10296.0 188
112.5934 10096.0 188
112.9340 10080.0 188
113.2635 10096.0 188
113.9337 10016.0 188
114.2633 9880.0 188
114.6094 9848.0 188
114.9335 9880.0 188
115.2631 9416.0 188
115.6091 9488.0 188
115.9332 9464.0 188
116.2793 9352.0 188
116.6089 9344.0 188
116.9495 9368.0 188
117.2791 9432.0 188
117.6086 9448.0 188
117.9492 9496.0 188
118.2788 9448.0 188
118.6249 9392.0 188
118.9490 9464.0 188
119.2950 10576.0 188
119.6246 10592.0 188
119.9487 10568.0 188
120.2948 10464.0 188
120.6244 10456.0 188
121.2946 10536.0 188
121.9647 10608.0 188
122.2943 10552.0 188
122.6404 10496.0 188
122.9645 10584.0 188
123.3105 10552.0 188
123.6401 10424.0 188
123.9807 10384.0 188
124.3103 10368.0 188
124.6399 10440.0 188
124.9805 10488.0 188
125.3101 10392.0 188
126.3263 10360.0 188
128.3258 10328.0 188
128.9960 10400.0 188
129.3256 10360.0 188
129.6716 10144.0 188
130.3418 10056.0 188
130.6714 10040.0 188
131.0120 10000.0 188
131.3416 9872.0 188
131.6711 9880.0 188
132.0117 9816.0 188
132.3413 9736.0 188
132.6874 9400.0 188
133.0115 9368.0 188
133.3575 9352.0 188
133.6871 9272.0 188
134.3573 8896.0 188
134.6869 8856.0 188
135.0275 8808.0 188
135.3571 8840.0 188
135.7031 8888.0 188
136.0272 8848.0 188
136.3568 8496.0 188
136.7029 8520.0 188
137.0270 8584.0 188
137.3730 8544.0 188
137.7026 8456.0 188
138.0432 8496.0 188
138.3728 8536.0 188
138.7134 8448.0 188
139.0430 8400.0 188
139.3890 8400.0 188
139.7186 8360.0 188
140.0592 8384.0 188
140.3888 8400.0 188
140.7184 8408.0 188
141.0590 8456.0 188
141.3885 8440.0 188
141.7291 8408.0 188
142.0587 8392.0 188
142.4048 8464.0 188
142.7344 8608.0 188
143.0750 8696.0 188
143.4045 8624.0 188
143.7451 8544.0 188
144.0747 8632.0 188
144.4208 8640.0 188
144.7449 8704.0 188
145.0909 8792.0 188
145.4205 8752.0 188
145.7611 8776.0 188
146.0907 8832.0 188
146.4368 8784.0 188
146.7609 8872.0 188
147.1069 8992.0 188
147.4365 9008.0 188
147.7771 9008.0 188
148.1067 9024.0 188
148.4363 9040.0 188
148.7769 9144.0 188
149.1064 9288.0 188
149.4525 9272.0 188
149.7766 9224.0 188
150.1227 9320.0 188
150.4523 9392.0 188
150.7928 9320.0 188
151.1224 9224.0 188
151.4685 9128.0 188
151.7926 9064.0 188
152.1387 9064.0 188
152.4683 8568.0 188
152.8088 8456.0 188
153.1384 8320.0 188
153.4790 8320.0 188
153.8086 8368.0 188
154.1547 8384.0 188
154.4843 8328.0 188
154.8248 8224.0 188
155.5444 8080.0 188
155.8905 7992.0 188
156.2146 8024.0 188
156.5607 8056.0 188
156.8903 7944.0 188
157.2308 7792.0 188
157.5604 7704.0 188
157.8900 7640.0 188
158.2306 7600.0 188
158.5602 7608.0 188
158.9063 7656.0 188
159.2303 7648.0 188
159.5764 7600.0 188
159.9060 7624.0 188
160.2466 7680.0 188
160.5762 7672.0 188
160.9167 7672.0 188
161.2463 7648.0 188
161.5924 7600.0 188
161.9165 7616.0 188
162.2626 7680.0 188
162.5922 7688.0 188
162.9327 7656.0 188
163.2623 7616.0 188
163.6084 7552.0 188
163.9325 7568.0 188
164.2786 7576.0 188
164.6082 7504.0 188
164.9487 7472.0 188
165.2783 7512.0 188
165.6079 7456.0 188
165.9485 7368.0 188
166.2781 7312.0 188
166.6241 7208.0 188
166.9482 7128.0 188
167.2943 7072.0 188
167.6239 7072.0 188
167.9645 7088.0 188
168.2941 7080.0 188
168.6401 7080.0 188
168.9642 7112.0 188
169.3103 7136.0 188
169.6399 7128.0 188
169.9805 7088.0 188
170.3101 7080.0 188
170.6561 7080.0 188
170.9802 7088.0 188
171.3263 7112.0 188
171.6559 7080.0 188
171.9965 7032.0 188
172.3260 7008.0 188
172.6556 7000.0 188
172.9962 6976.0 188
173.3258 6976.0 188
173.6719 6944.0 188
173.9960 6968.0 188
174.3420 7016.0 188
174.6716 7024.0 188
175.0122 7048.0 188
175.3418 7040.0 188
175.6824 6992.0 188
176.0120 7008.0 188
176.3580 7064.0 188
176.6821 7072.0 188
177.0282 7072.0 188
177.3578 7064.0 188
177.6984 7104.0 188
178.0280 7096.0 188
178.3575 7048.0 188
178.6981 7040.0 188
179.0277 7040.0 188
179.6979 7024.0 188
180.0439 6704.0 188
180.3735 6808.0 188
180.7141 6880.0 188
181.0437 6824.0 188
181.3898 6752.0 188
181.7139 6696.0 188
182.0599 6752.0 188
182.3895 6688.0 188
182.7301 6216.0 188
183.1201 5880.0 188
183.7958 5832.0 188
184.1199 5024.0 188
184.4495 4928.0 188
184.8560 4592.0 188
185.1855 4456.0 188
185.5151 4144.0 188
185.9216 4052.0 188
186.2457 3908.0 188
186.6357 3508.0 188
186.9818 3496.0 188
187.3114 3472.0 188
187.6355 3416.0 188
187.9816 3340.0 188
188.3112 3252.0 188
188.6517 3136.0 188
189.0417 3032.0 188
189.3713 2952.0 188
189.7174 2868.0 188
190.0415 2776.0 188
190.4370 2708.0 188
190.7776 2636.0 188
191.1072 2548.0 188
191.4478 2488.0 188
191.8433 2428.0 188
192.1674 2364.0 188
192.5134 2308.0 188
192.8430 2256.0 188
193.2330 2200.0 188
193.5736 2156.0 188
193.9032 2120.0 188
194.2493 2080.0 188
194.6393 2036.0 188
194.9634 2006.0 188
195.3094 1960.0 188
195.6390 1906.0 188
196.0291 1852.0 188
196.3696 1812.0 188
196.6992 1776.0 188
197.0892 1744.0 188
197.4353 1716.0 188
197.7649 1676.0 188
198.1055 1644.0 188
198.4955 1620.0 188
198.8251 1584.0 188
199.1711 1560.0 188
199.4952 1542.0 188
199.8853 1514.0 188
200.2313 1490.0 188
200.5609 1466.0 188
200.9509 1438.0 188
201.2915 1420.0 188
201.6211 1404.0 188
201.9507 1382.0 188
202.3572 1364.0 188
202.6868 1346.0 188
203.0273 1326.0 188
203.3569 1308.0 188
203.7469 1292.0 188
204.0930 1274.0 188
204.4171 1256.0 188
204.7632 1238.0 188
205.1532 1222.0 188
205.4993 1210.0 188
205.8234 1196.0 188
206.1694 1178.0 188
206.5594 1164.0 188
206.8890 1150.0 188
207.2296 1134.0 188
207.5757 1120.0 188
207.9657 1108.0 188
208.2953 1096.0 188
208.6359 1088.0 188
208.9655 1076.0 188
209.3719 1064.0 188
209.7015 1052.0 188
210.0421 1042.0 188
210.3717 1034.0 188
210.7178 1030.0 188
211.1078 1024.0 188
211.4484 1020.0 188
212.1240 1018.0 188
297.6691 660.0 188
297.9987 658.0 188
298.3392 656.0 188
298.6688 656.0 188
299.0149 656.0 188
299.3390 656.0 188
299.6851 656.0 188
300.0146 654.0 188
300.3552 656.0 188
300.6848 654.0 188
301.0309 654.0 188
301.3550 656.0 188
301.7010 654.0 188
302.0306 654.0 188
302.3712 656.0 188
302.7008 656.0 188
303.0469 658.0 188
303.3875 662.0 188
303.7170 664.0 188
303.9972 668.0 188
304.3433 670.0 188
304.6674 672.0 188
305.0134 674.0 188
305.3430 678.0 188
305.6836 682.0 188
305.9637 684.0 188
306.3098 688.0 188
306.6394 690.0 188
306.9800 694.0 188
307.3096 698.0 188
307.6556 702.0 188
307.9358 704.0 188
308.2654 710.0 188
308.6060 712.0 188
308.9520 716.0 188
309.2761 720.0 188
309.5618 724.0 188
309.9023 726.0 188
310.2319 728.0 188
310.5780 732.0 188
310.9021 738.0 188
311.2482 742.0 188
311.5283 746.0 188
311.8744 752.0 188
312.1985 758.0 188
312.5446 764.0 188
312.8247 770.0 188
313.1543 776.0 188
313.4949 782.0 188
313.8245 786.0 188
314.1705 790.0 188
314.4507 794.0 188
314.7968 798.0 188
315.1208 800.0 188
315.4669 804.0 188
315.7965 812.0 188
316.1371 818.0 188
316.4172 824.0 188
316.7468 828.0 188
317.0929 834.0 188
317.4335 838.0 188
317.7631 844.0 188
318.0432 850.0 188
318.3893 856.0 188
318.7134 860.0 188
319.0594 866.0 188
319.3890 870.0 188
319.7296 876.0 188
320.0153 882.0 188
320.3558 886.0 188
320.6854 896.0 188
321.0260 906.0 188
321.3116 914.0 188
321.6357 922.0 188
321.9818 932.0 188
322.3114 938.0 188
322.5916 948.0 188
322.9321 956.0 188
323.2782 962.0 188
323.6078 972.0 188
323.9484 980.0 188
324.2340 988.0 188
324.5581 996.0 188
324.9042 1008.0 188
325.2338 1016.0 188
325.5743 1022.0 188
325.8545 1030.0 188
326.2006 1042.0 188
326.5302 1056.0 188
326.8707 1066.0 188
327.1509 1074.0 188
327.4805 1088.0 188
327.8265 1100.0 188
328.1561 1112.0 188
328.4363 1126.0 188
328.7769 1136.0 188
329.1229 1146.0 188
329.4525 1156.0 188
329.7931 1168.0 188
330.0732 1180.0 188
330.4028 1192.0 188
330.7489 1204.0 188
331.0730 1218.0 188
331.3586 1234.0 188
331.6992 1246.0 188
332.0453 1256.0 188
332.3749 1268.0 188
332.7155 1282.0 188
332.9791 1298.0 188
333.3252 1320.0 188
333.6548 1336.0 188
333.9954 1350.0 188
334.3250 1366.0 188
334.6051 1386.0 188
334.9512 1408.0 188
335.2808 1428.0 188
335.5609 1452.0 188
335.9015 1474.0 188
336.2311 1502.0 188
336.5771 1528.0 188
336.8573 1544.0 188
337.1869 1566.0 188
337.5275 1592.0 188
337.8571 1620.0 188
338.1372 1652.0 188
338.4833 1684.0 188
338.8074 1718.0 188
339.1534 1748.0 188
339.4336 1782.0 188
339.7632 1820.0 188
340.1093 1864.0 188
340.3894 1914.0 188
340.7135 1952.0 188
341.0596 1986.0 188
341.3892 2008.0 188
341.6693 2052.0 188
341.9989 2120.0 188
342.3395 2184.0 188
342.6691 2228.0 188
342.9492 2280.0 188
343.2953 2364.0 188
343.6249 2456.0 188
343.9050 2540.0 188
344.2456 2616.0 188
344.5752 2700.0 188
344.8553 2808.0 188
345.2014 2968.0 188
345.4816 3104.0 188
345.8112 3216.0 188
346.1517 3332.0 188
346.4813 3412.0 188
346.8274 3492.0 188
347.1075 3632.0 188
347.4371 3768.0 188
347.7777 3840.0 188
348.1073 3876.0 188
348.4479 3864.0 188
348.7775 3884.0 188
349.1235 3972.0 188
349.4531 4020.0 188
349.7937 4028.0 188
350.1233 4024.0 188
350.4639 3988.0 188
350.7935 3948.0 188
351.1395 3936.0 188
351.4636 3944.0 188
351.8097 3940.0 188
