#RPLIDAR SCAN DATA
#COUNT=677
#Angule	Distance	Quality
352.1832 4004.0 188
352.5128 3996.0 188
352.8589 4020.0 188
353.1830 4024.0 188
353.5126 4000.0 188
353.8586 4016.0 188
354.1827 4036.0 188
354.5288 4040.0 188
354.8584 4040.0 188
355.1990 4036.0 188
355.5286 4040.0 188
355.8746 4048.0 188
356.1383 4120.0 188
356.4844 4192.0 188
356.8085 4224.0 188
357.1545 4216.0 188
357.4841 4216.0 188
357.8247 4232.0 188
358.1543 4232.0 188
358.4949 4248.0 188
358.8245 4248.0 188
359.1541 4224.0 188
0.1703 4200.0 188
10.3876 11400.0 188
11.0577 11424.0 188
11.3873 11456.0 188
12.0575 11480.0 188
13.0737 11472.0 188
16.0895 11816.0 188
18.0890 11808.0 188
39.1992 13104.0 188
39.5892 11448.0 188
40.2649 10920.0 188
41.2811 11360.0 188
44.6375 10640.0 188
45.3076 10608.0 188
45.9833 10696.0 188
46.3074 10744.0 188
46.6534 11232.0 188
46.9995 11184.0 188
47.3236 11168.0 188
47.6697 11168.0 188
47.9993 11712.0 188
48.3398 11592.0 188
48.6694 11632.0 188
49.0155 11760.0 188
49.3396 10808.0 188
49.6857 11208.0 188
50.0153 11064.0 188
50.3558 11112.0 188
50.6854 11240.0 188
51.0260 11216.0 188
51.3556 11232.0 188
51.7017 11280.0 188
52.3718 11672.0 188
52.7014 11608.0 188
53.0420 11504.0 188
53.3716 11616.0 188
54.0417 10552.0 188
54.3878 10520.0 188
54.7174 10136.0 188
55.0580 10048.0 188
55.4041 10144.0 188
55.7336 10176.0 188
56.0742 10000.0 188
56.4038 9984.0 188
56.7499 9992.0 188
57.4200 9936.0 188
57.8101 8000.0 188
58.1396 8040.0 188
58.4802 8032.0 188
58.8098 7984.0 188
59.1559 7968.0 188
59.4800 8008.0 188
59.8260 8088.0 188
60.1666 8120.0 188
60.4962 8112.0 188
60.8423 8192.0 188
61.1224 8296.0 188
61.4520 8344.0 188
61.7926 8400.0 188
62.1222 8320.0 188
62.4683 8360.0 188
62.7924 8472.0 188
63.4680 8296.0 188
63.8580 7960.0 188
64.1986 7920.0 188
64.5282 7904.0 188
64.8743 7952.0 188
65.1544 8808.0 188
65.4840 8448.0 188
65.8246 8488.0 188
66.4948 8592.0 188
66.8408 8936.0 188
67.1704 8888.0 188
67.5110 8840.0 188
67.8406 8840.0 188
68.1866 8816.0 188
68.5107 8840.0 188
68.8568 8848.0 188
69.1864 8880.0 188
69.5270 8880.0 188
69.8566 8912.0 188
70.2026 8936.0 188
70.5267 8840.0 188
70.8728 8920.0 188
71.2024 9304.0 188
71.5430 9304.0 188
71.8890 9264.0 188
72.2186 9184.0 188
72.5592 9080.0 188
72.8888 9056.0 188
73.2294 9072.0 188
73.5590 8976.0 188
73.9050 8872.0 188
74.5752 8864.0 188
74.9048 8968.0 188
75.2454 9056.0 188
75.5750 9200.0 188
75.9210 9392.0 188
76.2451 9912.0 188
76.5912 9944.0 188
76.9373 9928.0 188
77.2614 9896.0 188
77.6074 9856.0 188
77.9370 9712.0 188
78.2776 9648.0 188
78.6072 9312.0 188
78.9478 9256.0 188
79.2773 9104.0 188
79.6234 8760.0 188
79.9530 8776.0 188
80.2936 8880.0 188
80.6232 8896.0 188
80.9637 8936.0 188
81.2933 8992.0 188
81.6394 9096.0 188
81.9635 9240.0 188
82.3096 9296.0 188
82.6556 9328.0 188
82.9797 9352.0 188
83.3258 9400.0 188
83.6554 9400.0 188
83.9960 9384.0 188
84.3256 9376.0 188
84.6716 9304.0 188
84.9957 9160.0 188
85.3418 9240.0 188
85.6714 9344.0 188
86.0120 9352.0 188
86.3416 9488.0 188
86.6821 9456.0 188
87.0117 9376.0 188
87.3578 9392.0 188
87.6984 9344.0 188
88.0280 9336.0 188
88.3740 9448.0 188
88.6981 9504.0 188
89.0442 9536.0 188
89.3738 9568.0 188
89.7144 9688.0 188
90.0439 9760.0 188
90.3900 8400.0 188
90.7800 7680.0 188
91.1041 7688.0 188
91.4502 7704.0 188
91.7798 7624.0 188
92.0599 9016.0 188
92.4060 8248.0 188
92.7960 8112.0 188
93.1201 7920.0 188
93.4662 7952.0 188
93.7958 8008.0 188
94.1364 7960.0 188
94.4659 7992.0 188
94.8120 7904.0 188
95.1361 7736.0 188
95.4822 7696.0 188
95.8118 7592.0 188
96.1523 7448.0 188
96.4819 7432.0 188
96.8280 7360.0 188
97.1521 7320.0 188
97.4982 7464.0 188
97.8387 7600.0 188
98.8385 8032.0 188
99.4482 9936.0 188
99.7943 10552.0 188
100.1239 10616.0 188
100.8105 10776.0 188
101.4807 10912.0 188
101.8103 10872.0 188
102.1509 10808.0 188
102.4805 10712.0 188
102.8265 10536.0 188
103.4967 10920.0 188
103.8263 11040.0 188
104.1669 11000.0 188
104.8425 10792.0 188
105.1666 10736.0 188
105.5127 10784.0 188
105.8423 10872.0 188
106.5125 10768.0 188
106.8585 10672.0 188
107.1826 10608.0 188
107.5287 10600.0 188
107.8583 10624.0 188
108.1989 10560.0 188
108.5284 10504.0 188
108.8745 10480.0 188
109.1986 10440.0 188
109.5447 10384.0 188
109.8743 10480.0 188
110.5444 10648.0 188
110.8905 10840.0 188
111.2146 10896.0 188
111.5607 10792.0 188
111.8903 10704.0 188
112.2308 11168.0 188
112.9010 10320.0 188
113.2306 9872.0 188
113.5767 9944.0 188
113.9063 9952.0 188
114.2468 9880.0 188
114.5764 9560.0 188
114.9170 9256.0 188
115.2466 9384.0 188
115.5927 9408.0 188
115.9167 9376.0 188
116.2628 9344.0 188
116.5924 9280.0 188
116.9330 9312.0 188
117.2626 9848.0 188
117.6086 9920.0 188
117.9492 10072.0 188
118.2788 10032.0 188
118.6249 9984.0 188
118.9490 10048.0 188
119.2950 10016.0 188
119.6246 9960.0 188
119.9652 9952.0 188
120.9650 9976.0 188
121.3110 10048.0 188
121.6406 10016.0 188
121.9812 9976.0 188
122.3108 9984.0 188
122.6514 10000.0 188
122.9810 10008.0 188
123.3105 10056.0 188
123.6511 10208.0 188
123.9807 10104.0 188
124.3268 9984.0 188
124.6509 10104.0 188
124.9969 10032.0 188
125.3265 9992.0 188
125.6671 10088.0 188
125.9967 10104.0 188
126.3428 10080.0 188
126.6669 10104.0 188
126.9965 10120.0 188
127.3425 10016.0 188
127.6666 10104.0 188
128.0127 10232.0 188
128.3423 10144.0 188
128.6829 9992.0 188
129.0125 9968.0 188
129.3585 9928.0 188
129.6826 9760.0 188
130.0122 9304.0 188
130.3583 9272.0 188
130.6824 9192.0 188
131.0284 9160.0 188
131.3580 9072.0 188
131.6986 9040.0 188
132.0282 9048.0 188
132.3743 8952.0 188
132.6984 8912.0 188
133.0280 8864.0 188
133.3740 8848.0 188
133.6981 8800.0 188
134.0442 8680.0 188
134.3738 8600.0 188
134.7144 8584.0 188
135.0439 8560.0 188
135.3900 8528.0 188
135.7141 8480.0 188
136.0437 8448.0 188
136.3898 8400.0 188
136.7139 8256.0 188
137.0599 8216.0 188
137.4500 8184.0 188
137.7795 8160.0 188
138.1201 8184.0 188
138.4497 8152.0 188
138.7958 8112.0 188
139.1199 8120.0 188
139.4659 8176.0 188
139.7955 8176.0 188
140.1196 8160.0 188
140.4657 8144.0 188
140.7953 8136.0 188
141.0754 8200.0 188
141.4655 8184.0 188
141.8115 8128.0 188
142.1356 8184.0 188
142.4213 8208.0 188
142.8113 8152.0 188
143.1354 8152.0 188
143.4210 8248.0 188
143.7616 8328.0 188
144.0912 8384.0 188
144.4373 8456.0 188
144.7614 8440.0 188
145.1074 8472.0 188
145.4370 8504.0 188
145.7611 8448.0 188
146.1072 8792.0 188
146.4368 8680.0 188
146.7773 8688.0 188
147.1069 8736.0 188
147.4530 8744.0 188
147.7771 8880.0 188
148.1232 8784.0 188
148.4528 8776.0 188
148.7769 8888.0 188
149.1229 8800.0 188
149.4525 8712.0 188
149.7931 8760.0 188
150.1227 8808.0 188
150.4688 8792.0 188
150.7928 8368.0 188
151.1389 8392.0 188
151.5289 8024.0 188
151.8585 8016.0 188
152.1991 7992.0 188
152.5287 7904.0 188
152.8583 7872.0 188
153.1989 7744.0 188
153.5284 7616.0 188
153.8745 7608.0 188
154.1986 7520.0 188
154.5447 7480.0 188
154.8743 7496.0 188
155.2148 7384.0 188
155.5444 7328.0 188
155.8905 7360.0 188
156.2146 7320.0 188
156.5442 7256.0 188
156.8903 7208.0 188
157.2144 7120.0 188
157.5604 6984.0 188
157.8900 6928.0 188
158.2306 6896.0 188
158.5602 6832.0 188
158.9063 6816.0 188
159.2303 6904.0 188
159.5764 6944.0 188
159.9060 6904.0 188
160.2466 6912.0 188
160.5762 6976.0 188
160.9058 7008.0 188
161.2463 7016.0 188
161.5759 6992.0 188
161.9165 6960.0 188
162.2461 6920.0 188
162.5922 6904.0 188
162.9218 6872.0 188
163.2623 6816.0 188
163.5919 6808.0 188
163.9325 6848.0 188
164.2621 6792.0 188
164.5917 6736.0 188
164.9323 6792.0 188
165.2618 6792.0 188
165.6079 6768.0 188
165.9375 6704.0 188
166.2781 6616.0 188
166.6077 6600.0 188
166.9482 6584.0 188
167.2778 6600.0 188
167.6239 6600.0 188
167.9480 6576.0 188
168.2941 6576.0 188
168.6237 6552.0 188
169.0137 6080.0 188
169.3433 6056.0 188
169.6838 6080.0 188
170.0134 6072.0 188
170.3540 6024.0 188
170.6836 5984.0 188
171.0297 5952.0 188
171.3593 5952.0 188
171.6998 5912.0 188
172.0294 5816.0 188
172.3700 5792.0 188
172.6996 5848.0 188
173.0457 5872.0 188
173.3698 5912.0 188
173.6993 5960.0 188
173.9795 6752.0 188
174.3256 6832.0 188
174.6552 6808.0 188
174.9957 6752.0 188
175.3253 6808.0 188
175.6714 6752.0 188
175.9955 6608.0 188
176.3416 6568.0 188
176.6711 6552.0 188
176.9952 6192.0 188
177.3853 6136.0 188
177.7313 6032.0 188
178.0609 5992.0 188
178.4015 5512.0 188
178.7311 4984.0 188
179.0771 5016.0 188
179.4012 5064.0 188
179.7473 5088.0 188
180.0769 5072.0 188
180.4175 5040.0 188
180.7471 5040.0 188
181.0767 5080.0 188
181.4172 5072.0 188
181.7468 5056.0 188
182.0929 5080.0 188
182.4170 5072.0 188
182.7631 5080.0 188
183.0927 5104.0 188
183.4332 5040.0 188
183.7628 5000.0 188
184.2627 3388.0 188
184.6088 3372.0 188
184.9329 3344.0 188
185.2789 3344.0 188
185.6085 3320.0 188
185.9491 3284.0 188
186.2787 3288.0 188
186.6248 3280.0 188
186.9489 3264.0 188
187.2949 3268.0 188
187.6245 3248.0 188
187.9651 3168.0 188
188.2947 3080.0 188
188.6847 3020.0 188
189.0308 2944.0 188
189.3549 2852.0 188
189.7009 2780.0 188
190.0909 2720.0 188
190.4205 2656.0 188
190.7611 2568.0 188
191.0907 2508.0 188
191.4368 2464.0 188
191.8268 2408.0 188
192.1509 2356.0 188
192.4969 2308.0 188
192.8265 2260.0 188
193.2166 2208.0 188
193.5571 2148.0 188
193.8867 2100.0 188
194.2328 2060.0 188
194.6228 2016.0 188
194.9634 1958.0 188
195.2930 1902.0 188
195.6830 1864.0 188
196.0291 1824.0 188
196.3586 1782.0 188
196.7487 1744.0 188
197.0892 1704.0 188
197.4188 1676.0 188
197.7649 1650.0 188
198.1549 1618.0 188
198.4790 1588.0 188
198.8251 1566.0 188
199.1547 1544.0 188
199.5447 1516.0 188
199.8853 1490.0 188
200.2148 1468.0 188
200.6049 1442.0 188
200.9509 1420.0 188
201.2805 1406.0 188
201.6211 1388.0 188
202.0111 1366.0 188
202.3407 1346.0 188
202.6868 1326.0 188
203.0109 1308.0 188
203.4174 1290.0 188
203.7469 1274.0 188
204.0930 1260.0 188
204.4171 1246.0 188
204.7632 1230.0 188
205.1532 1214.0 188
205.4828 1202.0 188
205.8234 1190.0 188
206.1530 1174.0 188
206.5430 1160.0 188
206.8890 1144.0 188
207.2186 1130.0 188
207.5592 1118.0 188
207.9492 1106.0 188
208.2788 1100.0 188
208.6249 1090.0 188
208.9490 1078.0 188
209.3390 1062.0 188
209.6851 1042.0 188
210.0146 1028.0 188
210.4047 1024.0 188
210.7452 1020.0 188
211.0748 1014.0 188
211.4209 1012.0 188
211.7450 1008.0 188
297.3395 656.0 188
297.6855 656.0 188
298.0151 658.0 188
298.3557 656.0 188
298.6853 656.0 188
299.0259 656.0 188
299.3555 656.0 188
299.7015 656.0 188
300.0311 656.0 188
300.3717 656.0 188
300.7013 656.0 188
301.0419 656.0 188
301.3879 654.0 188
301.7175 654.0 188
302.0581 654.0 188
302.3877 656.0 188
302.7338 660.0 188
303.0579 662.0 188
303.4039 664.0 188
303.6841 666.0 188
304.0137 670.0 188
304.3542 672.0 188
304.6838 674.0 188
305.0299 676.0 188
305.3540 680.0 188
305.7001 682.0 188
305.9802 686.0 188
306.3098 688.0 188
306.6559 694.0 188
306.9800 698.0 188
307.3260 700.0 188
307.6062 704.0 188
307.9358 708.0 188
308.2764 712.0 188
308.6060 716.0 188
308.9520 718.0 188
309.2322 724.0 188
309.5618 728.0 188
309.9023 730.0 188
310.2484 734.0 188
310.5780 738.0 188
310.9186 742.0 188
311.1987 746.0 188
311.5283 754.0 188
311.8744 760.0 188
312.1985 766.0 188
312.4841 772.0 188
312.8247 776.0 188
313.1543 780.0 188
313.4949 786.0 188
313.8245 792.0 188
314.1046 798.0 188
314.4507 802.0 188
314.7803 806.0 188
315.1208 812.0 188
315.4504 816.0 188
315.7965 818.0 188
316.0767 822.0 188
316.4063 828.0 188
316.7468 838.0 188
317.0764 842.0 188
317.4170 846.0 188
317.7026 854.0 188
318.0267 860.0 188
318.3728 868.0 188
318.7024 874.0 188
318.9825 882.0 188
319.3231 890.0 188
319.6527 894.0 188
319.9988 902.0 188
320.3229 910.0 188
320.6085 918.0 188
320.9491 922.0 188
321.2787 924.0 188
321.6248 934.0 188
321.9049 946.0 188
322.2290 956.0 188
322.5751 960.0 188
322.9047 966.0 188
323.2452 978.0 188
323.5309 986.0 188
323.8550 992.0 188
324.2010 1000.0 188
324.5306 1010.0 188
324.8712 1018.0 188
325.1514 1026.0 188
325.4810 1038.0 188
325.8270 1048.0 188
326.1511 1058.0 188
326.4972 1068.0 188
326.7773 1076.0 188
327.1069 1086.0 188
327.4530 1098.0 188
327.7771 1110.0 188
328.0573 1118.0 188
328.4033 1126.0 188
328.7329 1142.0 188
329.0735 1158.0 188
329.4031 1164.0 188
329.6832 1178.0 188
330.0293 1190.0 188
330.3589 1202.0 188
330.6995 1216.0 188
331.0291 1228.0 188
331.3092 1244.0 188
331.6553 1258.0 188
331.9794 1272.0 188
332.3254 1286.0 188
332.5891 1300.0 188
332.9352 1318.0 188
333.2648 1336.0 188
333.6053 1350.0 188
333.9349 1364.0 188
334.2151 1382.0 188
334.5612 1402.0 188
334.8853 1422.0 188
335.2313 1442.0 188
335.5115 1466.0 188
335.8411 1482.0 188
336.1871 1498.0 188
336.5112 1518.0 188
336.7969 1542.0 188
337.1375 1570.0 188
337.4670 1606.0 188
337.7472 1640.0 188
338.0933 1664.0 188
338.4174 1696.0 188
338.7634 1734.0 188
339.0436 1778.0 188
339.3732 1824.0 188
339.7137 1854.0 188
340.0433 1888.0 188
340.3235 1938.0 188
340.6696 1968.0 188
340.9991 2008.0 188
341.2793 2068.0 188
341.6199 2120.0 188
341.9495 2188.0 188
342.2296 2248.0 188
342.5757 2300.0 188
342.9053 2368.0 188
343.2458 2432.0 188
343.5260 2508.0 188
343.8556 2588.0 188
344.2017 2660.0 188
344.4818 2760.0 188
344.8114 2872.0 188
345.1520 2940.0 188
345.4816 3032.0 188
345.7617 3144.0 188
346.0913 3292.0 188
346.4374 3472.0 188
346.7175 3588.0 188
347.0416 3732.0 188
347.3877 3888.0 188
347.7173 3976.0 188
348.0579 4032.0 188
348.3875 4044.0 188
348.7335 4048.0 188
349.0576 4052.0 188
349.4037 4056.0 188
349.7333 4044.0 188
350.0739 4024.0 188
350.4034 4012.0 188
350.7495 4004.0 188
351.0736 4004.0 188
351.4197 4004.0 188
351.7493 4008.0 188
