#RPLIDAR SCAN DATA
#COUNT=610
#Angule	Distance	Quality
356.8250 11240.0 188
357.8412 10752.0 188
358.8409 11232.0 188
359.5111 11200.0 188
359.8407 11288.0 188
5.8722 11352.0 188
12.9034 11824.0 188
14.9194 11816.0 188
22.9175 13552.0 188
23.9337 13472.0 188
43.1543 11448.0 188
44.1705 11408.0 188
46.1865 11104.0 188
48.2025 11584.0 188
49.8889 11576.0 188
50.2185 11512.0 188
51.2292 11400.0 188
51.5753 11264.0 188
52.2455 11224.0 188
53.2617 11344.0 188
55.2777 10608.0 188
55.9479 10656.0 188
56.2939 10552.0 188
56.6400 9656.0 188
56.9641 9648.0 188
57.3102 9624.0 188
58.3099 10048.0 188
58.6560 10160.0 188
58.9966 10184.0 188
59.3262 10056.0 188
59.6667 10064.0 188
60.3424 10128.0 188
60.6830 8888.0 188
61.3586 8904.0 188
61.6827 8960.0 188
62.0288 9008.0 188
62.3584 9096.0 188
62.6990 9096.0 188
63.0450 8992.0 188
63.3746 8888.0 188
63.7152 8904.0 188
64.0448 8952.0 188
64.3854 8864.0 188
64.7314 8848.0 188
65.0610 8992.0 188
65.4016 9112.0 188
65.7312 9104.0 188
66.0773 9072.0 188
66.4014 9192.0 188
66.7474 9248.0 188
67.0935 9264.0 188
67.4176 9336.0 188
67.7637 9008.0 188
68.0933 9000.0 188
68.4338 8952.0 188
68.7799 8928.0 188
69.4501 8880.0 188
69.7797 9256.0 188
70.1202 9168.0 188
70.4498 8848.0 188
70.7959 8976.0 188
71.1365 9112.0 188
71.4661 9232.0 188
71.8121 9304.0 188
72.1362 9152.0 188
72.4823 9072.0 188
72.8229 9088.0 188
73.1525 9096.0 188
73.4985 9096.0 188
73.8281 9024.0 188
74.1687 9000.0 188
74.4983 9000.0 188
74.8389 8976.0 188
75.1849 8904.0 188
75.5145 8992.0 188
75.8551 9232.0 188
76.5308 9360.0 188
76.8713 9328.0 188
77.2009 9304.0 188
77.5415 9392.0 188
77.8711 9376.0 188
78.5468 8904.0 188
78.8873 8856.0 188
79.2334 8776.0 188
79.5575 8616.0 188
79.9036 8544.0 188
80.5737 8872.0 188
80.9033 8848.0 188
81.2494 8872.0 188
81.5900 8904.0 188
81.9196 8896.0 188
82.2656 8840.0 188
82.5897 8848.0 188
82.9358 8856.0 188
83.2654 8856.0 188
83.6060 8856.0 188
83.9355 8864.0 188
84.6057 9440.0 188
84.9518 9304.0 188
85.2759 9312.0 188
85.6219 9496.0 188
85.9515 9544.0 188
86.2921 9568.0 188
86.6217 9560.0 188
86.9678 9488.0 188
87.2919 9528.0 188
87.6379 9640.0 188
87.9675 9648.0 188
88.3081 9624.0 188
88.6377 9624.0 188
88.9838 9712.0 188
89.3079 9688.0 188
89.6539 9528.0 188
89.9835 9576.0 188
90.3241 9240.0 188
90.7141 7752.0 188
91.0437 7688.0 188
91.3898 7624.0 188
91.7139 7664.0 188
91.9995 9008.0 188
92.3401 9032.0 188
92.7301 8024.0 188
93.0597 8008.0 188
93.4058 8008.0 188
93.7299 7928.0 188
94.0759 7928.0 188
94.4055 7984.0 188
94.7461 7840.0 188
95.0757 7760.0 188
95.4218 7784.0 188
95.7458 7440.0 188
96.0919 7432.0 188
96.4215 7384.0 188
96.7621 7336.0 188
97.0917 7344.0 188
97.4323 7440.0 188
97.7618 7544.0 188
98.1079 7632.0 188
98.4375 7808.0 188
98.7781 7928.0 188
99.1077 7944.0 188
99.7778 7936.0 188
100.1239 7960.0 188
100.7336 10776.0 188
101.0742 10816.0 188
101.7499 10776.0 188
103.7604 10792.0 188
104.7656 10848.0 188
105.1062 10832.0 188
105.4358 10792.0 188
105.7764 10832.0 188
106.1060 10832.0 188
106.4520 10792.0 188
106.7761 10736.0 188
107.7924 10680.0 188
108.7921 11160.0 188
109.1382 10856.0 188
109.4678 11216.0 188
109.8083 11208.0 188
110.1379 11288.0 188
110.8081 11312.0 188
111.4838 11248.0 188
111.8243 11192.0 188
112.1539 11160.0 188
112.5000 11184.0 188
112.8241 11128.0 188
113.1702 11064.0 188
113.8403 9472.0 188
114.1699 9456.0 188
114.5105 9480.0 188
114.8401 9496.0 188
115.8398 9464.0 188
116.1859 10688.0 188
116.5155 10744.0 188
116.8561 11280.0 188
117.5262 10720.0 188
117.8558 10688.0 188
118.1854 10536.0 188
118.5260 10552.0 188
118.8556 10488.0 188
119.2017 10312.0 188
119.8718 10296.0 188
120.2014 9880.0 188
120.5310 9912.0 188
120.8716 9896.0 188
121.2012 9856.0 188
121.5417 9848.0 188
121.8713 9856.0 188
122.2174 9864.0 188
122.5415 9816.0 188
122.8876 9768.0 188
123.2172 9768.0 188
123.5468 9768.0 188
123.8873 9744.0 188
124.2169 9784.0 188
124.5575 9840.0 188
124.8871 9856.0 188
125.2332 9848.0 188
125.5573 9832.0 188
125.8868 9832.0 188
126.2329 9776.0 188
126.5625 9672.0 188
126.9031 9544.0 188
127.2327 9488.0 188
127.5732 9448.0 188
127.9028 9400.0 188
128.2489 9416.0 188
128.5730 9472.0 188
128.9026 9400.0 188
129.2487 9304.0 188
129.5728 9376.0 188
129.9188 9416.0 188
130.2484 8976.0 188
130.5890 8944.0 188
130.9186 8952.0 188
131.2482 8968.0 188
131.5887 8904.0 188
131.9183 8872.0 188
132.2644 8816.0 188
132.5885 8768.0 188
132.9346 8784.0 188
133.2642 8656.0 188
133.6047 8496.0 188
133.9343 8472.0 188
134.2639 8344.0 188
134.6045 8200.0 188
135.0000 8144.0 188
135.3241 8088.0 188
135.6702 8032.0 188
135.9998 8024.0 188
136.3403 8064.0 188
136.6699 8016.0 188
136.9995 7976.0 188
137.3401 7960.0 188
137.6697 7944.0 188
138.0103 8008.0 188
138.3398 7952.0 188
138.6859 8008.0 188
139.0155 8056.0 188
139.3561 7984.0 188
139.6857 8064.0 188
140.0153 8104.0 188
140.3558 8088.0 188
140.6854 8064.0 188
141.0260 8040.0 188
141.3556 8048.0 188
141.7017 8048.0 188
142.0313 8048.0 188
142.3553 8048.0 188
142.7014 8056.0 188
143.0310 8032.0 188
143.3716 8080.0 188
143.7012 8184.0 188
143.9813 8200.0 188
144.3713 8168.0 188
144.6515 8240.0 188
144.9811 8256.0 188
145.3271 8208.0 188
145.6512 8264.0 188
145.9973 8208.0 188
146.3873 8128.0 188
146.7169 8152.0 188
147.0575 8176.0 188
147.3871 8112.0 188
147.7332 8064.0 188
148.0573 8112.0 188
148.4033 8128.0 188
148.7329 8104.0 188
149.0735 8080.0 188
149.4031 8080.0 188
149.7491 8040.0 188
150.0732 8064.0 188
150.4193 8104.0 188
150.7489 8104.0 188
151.0895 8088.0 188
151.4191 7936.0 188
151.7651 7440.0 188
152.0892 7440.0 188
152.4353 7424.0 188
152.7649 7384.0 188
153.1055 7320.0 188
153.4351 7160.0 188
153.7811 6976.0 188
154.1052 6896.0 188
154.4513 6944.0 188
154.7809 7000.0 188
155.1215 6976.0 188
155.4510 6968.0 188
155.7916 6944.0 188
156.1212 6872.0 188
156.4673 6832.0 188
156.7969 6728.0 188
157.1375 6632.0 188
157.4670 6648.0 188
157.8076 6688.0 188
158.1372 6688.0 188
158.4833 6656.0 188
158.8074 6632.0 188
159.1534 6616.0 188
159.4830 6624.0 188
159.8236 6624.0 188
160.1532 6624.0 188
160.4993 6616.0 188
160.8234 6584.0 188
161.1694 6624.0 188
161.4990 6608.0 188
161.8396 6544.0 188
162.1692 6560.0 188
162.5153 6536.0 188
162.8394 6448.0 188
163.1854 6416.0 188
163.5150 6400.0 188
163.8556 6352.0 188
164.1852 6296.0 188
164.5313 6240.0 188
164.8553 6200.0 188
165.2014 6176.0 188
165.5914 6144.0 188
165.8716 6168.0 188
166.2012 6192.0 188
166.5912 6136.0 188
166.9373 6056.0 188
167.2614 6032.0 188
167.6074 6016.0 188
167.9370 5968.0 188
168.2776 5880.0 188
168.6072 5824.0 188
168.9478 5776.0 188
169.2773 5728.0 188
169.6234 5688.0 188
169.9530 5720.0 188
170.2936 5752.0 188
170.6232 5768.0 188
170.9637 5824.0 188
171.2933 5872.0 188
171.6394 5912.0 188
171.9635 5976.0 188
172.3096 6080.0 188
172.6392 6144.0 188
172.9193 6160.0 188
173.2654 6160.0 188
173.5895 6224.0 188
173.9355 6256.0 188
174.2651 6240.0 188
174.6057 6264.0 188
174.9353 6280.0 188
175.2759 6304.0 188
175.6055 6288.0 188
175.9515 6256.0 188
176.2811 6272.0 188
176.6217 6296.0 188
176.9513 6280.0 188
177.2919 6256.0 188
177.6215 6208.0 188
178.0115 6080.0 188
178.4015 4712.0 188
178.7476 4664.0 188
179.0771 4616.0 188
179.4177 4640.0 188
179.7473 4672.0 188
180.0934 4656.0 188
180.4175 4656.0 188
180.7635 4664.0 188
181.0931 4672.0 188
181.4172 4664.0 188
181.7633 4664.0 188
182.0929 4680.0 188
182.4335 4688.0 188
182.7631 4688.0 188
183.1091 4664.0 188
183.4332 4632.0 188
183.7793 4576.0 188
184.1089 4512.0 188
184.4330 4360.0 188
184.8889 3448.0 188
185.2295 3420.0 188
185.5591 3360.0 188
185.8887 3332.0 188
186.2292 3316.0 188
186.5588 3316.0 188
186.9049 3320.0 188
187.2290 3300.0 188
187.5751 3268.0 188
187.9047 3240.0 188
188.2452 3196.0 188
188.5748 3100.0 188
188.9648 3000.0 188
189.2944 2904.0 188
189.6405 2808.0 188
189.9646 2736.0 188
190.3546 2676.0 188
190.7007 2604.0 188
191.0303 2528.0 188
191.3708 2464.0 188
191.7609 2424.0 188
192.0905 2380.0 188
192.4365 2332.0 188
192.7606 2288.0 188
193.1561 2232.0 188
193.4967 2196.0 188
193.8263 2152.0 188
194.1559 2108.0 188
194.4965 2068.0 188
194.8865 2020.0 188
195.2161 1956.0 188
195.6061 1890.0 188
195.9521 1830.0 188
196.2762 1776.0 188
196.6718 1732.0 188
197.0123 1700.0 188
197.3419 1670.0 188
197.7319 1634.0 188
198.0780 1604.0 188
198.4021 1574.0 188
198.7482 1546.0 188
199.1382 1520.0 188
199.4678 1492.0 188
199.8083 1472.0 188
200.1379 1454.0 188
200.5280 1436.0 188
200.8575 1416.0 188
201.1981 1392.0 188
201.5277 1374.0 188
201.9177 1358.0 188
202.2638 1338.0 188
202.5934 1324.0 188
202.9340 1308.0 188
203.3240 1292.0 188
203.6536 1272.0 188
203.9996 1254.0 188
204.3237 1240.0 188
204.7137 1220.0 188
205.0598 1206.0 188
205.3894 1194.0 188
205.7135 1176.0 188
206.1200 1164.0 188
206.4496 1150.0 188
206.7792 1134.0 188
207.1198 1124.0 188
207.5153 1114.0 188
207.8394 1098.0 188
208.1854 1084.0 188
208.5150 1074.0 188
208.9050 1066.0 188
209.2456 1054.0 188
209.5752 1042.0 188
209.9213 1032.0 188
210.3113 1020.0 188
210.6354 1010.0 188
210.9814 1006.0 188
211.3110 1002.0 188
211.6406 1002.0 188
297.4823 656.0 188
297.8229 656.0 188
298.1525 656.0 188
298.4985 656.0 188
298.8391 656.0 188
299.1687 656.0 188
299.5148 656.0 188
299.8389 656.0 188
300.1849 654.0 188
300.5145 652.0 188
300.8551 652.0 188
301.1847 654.0 188
301.5308 654.0 188
301.8549 654.0 188
302.2009 654.0 188
302.5305 656.0 188
302.8711 658.0 188
303.2007 660.0 188
303.5468 664.0 188
303.8269 666.0 188
304.1510 668.0 188
304.4971 670.0 188
304.8431 676.0 188
305.1672 680.0 188
305.5133 682.0 188
305.7935 686.0 188
306.1230 690.0 188
306.4636 694.0 188
306.7932 698.0 188
307.1393 700.0 188
307.4194 704.0 188
307.7490 708.0 188
308.0896 712.0 188
308.4192 716.0 188
308.7653 720.0 188
309.0454 724.0 188
309.3750 730.0 188
309.7156 734.0 188
310.0452 740.0 188
310.3253 748.0 188
310.6714 752.0 188
310.9955 756.0 188
311.3416 760.0 188
311.6711 766.0 188
311.9513 772.0 188
312.2919 772.0 188
312.6215 776.0 188
312.9675 782.0 188
313.3081 786.0 188
313.6377 792.0 188
313.9178 796.0 188
314.2639 802.0 188
314.5935 806.0 188
314.9341 810.0 188
315.2637 816.0 188
315.5438 824.0 188
315.8899 830.0 188
316.2140 834.0 188
316.5601 840.0 188
316.8896 846.0 188
317.1698 850.0 188
317.5104 856.0 188
317.8400 862.0 188
318.1860 868.0 188
318.5156 876.0 188
318.7958 884.0 188
319.1364 890.0 188
319.4824 896.0 188
319.8120 904.0 188
320.0922 914.0 188
320.4327 922.0 188
320.7623 926.0 188
321.1084 936.0 188
321.4325 944.0 188
321.7181 948.0 188
322.0587 958.0 188
322.3883 968.0 188
322.7344 976.0 188
323.0145 984.0 188
323.3386 990.0 188
323.6847 998.0 188
324.0143 1006.0 188
324.3549 1018.0 188
324.6405 1028.0 188
324.9646 1040.0 188
325.3107 1046.0 188
325.6403 1056.0 188
325.9808 1068.0 188
326.2610 1078.0 188
326.6071 1088.0 188
326.9366 1094.0 188
327.2772 1104.0 188
327.6068 1114.0 188
327.8870 1126.0 188
328.2330 1134.0 188
328.5571 1146.0 188
328.9032 1158.0 188
329.2328 1166.0 188
329.5129 1178.0 188
329.8590 1194.0 188
330.1831 1210.0 188
330.5292 1220.0 188
330.8093 1230.0 188
331.1389 1242.0 188
331.4795 1258.0 188
331.8091 1272.0 188
332.1552 1284.0 188
332.4353 1300.0 188
332.7649 1314.0 188
333.1055 1330.0 188
333.4515 1350.0 188
333.7811 1364.0 188
334.0613 1380.0 188
334.4019 1398.0 188
334.7314 1422.0 188
335.0775 1444.0 188
335.3577 1462.0 188
335.6873 1474.0 188
336.0278 1490.0 188
336.3574 1518.0 188
336.6376 1548.0 188
336.9836 1578.0 188
337.3077 1614.0 188
337.5934 1644.0 188
337.9340 1676.0 188
338.2635 1702.0 188
338.6041 1726.0 188
338.8898 1770.0 188
339.2139 1832.0 188
339.4995 1900.0 188
339.8401 1952.0 188
340.1862 1974.0 188
340.5103 1998.0 188
340.7959 2052.0 188
341.1200 2116.0 188
341.4661 2176.0 188
341.7957 2224.0 188
342.0758 2268.0 188
342.4054 2320.0 188
342.7460 2364.0 188
343.0756 2424.0 188
343.3557 2508.0 188
343.7018 2560.0 188
344.0259 2596.0 188
344.3719 2644.0 188
344.7015 2732.0 188
344.9817 2836.0 188
345.3113 2996.0 188
345.5914 3160.0 188
345.9375 3268.0 188
346.2616 3408.0 188
346.5417 3548.0 188
346.8713 3652.0 188
347.2174 3760.0 188
347.5415 3912.0 188
347.8876 4072.0 188
348.8434 4240.0 188
350.7330 6896.0 188
