#RPLIDAR SCAN DATA
#COUNT=613
#Angule	Distance	Quality
25.6091 13624.0 188
42.7808 9944.0 188
43.1213 9912.0 188
43.4674 9920.0 188
43.7915 9880.0 188
44.1376 9856.0 188
44.4672 9952.0 188
44.8077 10024.0 188
45.1373 10000.0 188
45.4834 9880.0 188
45.8240 9856.0 188
46.1536 9880.0 188
46.4996 9840.0 188
46.8237 9944.0 188
47.1698 9984.0 188
47.4994 10016.0 188
47.8400 10128.0 188
48.1696 10184.0 188
48.8562 10520.0 188
49.1858 10408.0 188
49.8560 10856.0 188
50.8722 10800.0 188
52.8882 11816.0 188
54.2450 10872.0 188
54.5746 11192.0 188
54.9207 10720.0 188
55.5908 10768.0 188
55.9204 10720.0 188
56.2610 10680.0 188
56.9366 10712.0 188
57.9529 10704.0 188
58.2770 10392.0 188
58.6230 10336.0 188
58.9526 10312.0 188
59.2932 10400.0 188
59.6393 9984.0 188
59.9634 10008.0 188
60.3094 10064.0 188
60.6390 8672.0 188
60.9796 8368.0 188
61.3092 8392.0 188
61.6553 8432.0 188
61.9958 8416.0 188
62.3254 8528.0 188
62.6715 8704.0 188
62.9956 8688.0 188
63.3417 8672.0 188
63.6713 9208.0 188
64.0118 9168.0 188
64.3414 9176.0 188
64.6875 9224.0 188
65.0281 9360.0 188
65.3577 9408.0 188
65.6982 9432.0 188
66.0278 9536.0 188
67.0441 9456.0 188
67.3901 9304.0 188
67.7142 9304.0 188
68.0603 9408.0 188
68.3899 9496.0 188
68.7305 9512.0 188
69.0601 9344.0 188
69.4061 9280.0 188
69.7302 9360.0 188
70.0763 9400.0 188
70.4169 9384.0 188
70.7465 9384.0 188
71.0925 9264.0 188
71.4166 9168.0 188
71.7627 9192.0 188
72.0923 9152.0 188
72.4329 8440.0 188
72.8229 8128.0 188
73.1085 8248.0 188
73.4326 8328.0 188
74.1083 8408.0 188
76.1353 9256.0 188
76.4648 9392.0 188
76.8109 9496.0 188
77.1405 9488.0 188
77.4811 9528.0 188
78.1512 9488.0 188
78.4808 9112.0 188
78.8269 9176.0 188
79.1510 9176.0 188
79.4971 8776.0 188
80.1672 8816.0 188
81.1670 8984.0 188
81.5131 9144.0 188
81.8427 9192.0 188
82.1832 9152.0 188
83.5291 9032.0 188
83.8586 8936.0 188
84.1992 9312.0 188
85.2155 9264.0 188
86.2152 9864.0 188
86.5613 9880.0 188
86.8854 9832.0 188
87.2314 9880.0 188
87.9016 9824.0 188
88.2312 9784.0 188
88.9014 9728.0 188
89.2474 9560.0 188
89.5770 9688.0 188
89.9176 9736.0 188
90.2472 9608.0 188
90.5933 9504.0 188
90.9833 7736.0 188
91.3239 7768.0 188
91.6534 7672.0 188
91.9336 8968.0 188
92.2632 9096.0 188
92.6093 8408.0 188
92.9993 7976.0 188
93.3398 7976.0 188
93.6694 7920.0 188
94.0155 7960.0 188
94.3396 8000.0 188
94.6857 7864.0 188
95.0153 7752.0 188
95.3558 7696.0 188
95.6854 7592.0 188
96.0260 7480.0 188
96.3556 7392.0 188
96.7017 7344.0 188
97.0313 7288.0 188
97.3718 7376.0 188
97.7014 7544.0 188
98.0420 7576.0 188
98.3716 7696.0 188
98.7177 7848.0 188
99.0417 7928.0 188
99.3878 7904.0 188
99.7339 7896.0 188
100.0580 7896.0 188
100.4041 7848.0 188
101.0138 10576.0 188
101.3544 10672.0 188
101.6840 10808.0 188
102.0300 10824.0 188
102.3541 10800.0 188
102.7002 10784.0 188
103.0298 10800.0 188
103.3704 10952.0 188
104.3701 10968.0 188
104.6997 10904.0 188
105.0458 10928.0 188
105.3699 10824.0 188
105.7159 10808.0 188
106.0455 10896.0 188
106.3861 10888.0 188
106.7157 10776.0 188
107.0618 10704.0 188
107.3859 10648.0 188
107.7319 10696.0 188
108.0615 10816.0 188
108.3856 10840.0 188
108.7317 10808.0 188
109.0613 11184.0 188
109.4019 10808.0 188
109.7314 11336.0 188
110.0775 11256.0 188
110.4016 11144.0 188
110.7477 11096.0 188
111.0773 11104.0 188
111.4014 11152.0 188
111.7474 11224.0 188
112.0770 11192.0 188
112.4176 11016.0 188
112.7472 10984.0 188
113.4174 10984.0 188
113.7634 11072.0 188
114.0930 11048.0 188
114.4171 11032.0 188
114.7632 11144.0 188
115.0928 11144.0 188
115.4333 10824.0 188
115.7629 11208.0 188
116.1090 10624.0 188
116.4331 10744.0 188
117.4329 10792.0 188
117.7789 10704.0 188
118.1085 10752.0 188
118.4491 10736.0 188
118.7787 10584.0 188
119.1248 10600.0 188
119.4489 10584.0 188
119.7949 10568.0 188
120.1245 10200.0 188
120.4651 10232.0 188
120.7947 10232.0 188
121.1243 10136.0 188
121.4648 9960.0 188
121.7944 9888.0 188
122.1405 9864.0 188
122.4646 9808.0 188
122.8107 9808.0 188
123.1403 9816.0 188
123.4808 9872.0 188
123.8104 9784.0 188
124.1400 9752.0 188
124.4806 9944.0 188
124.8102 9968.0 188
125.1563 9864.0 188
125.4803 9808.0 188
125.8264 9792.0 188
126.1560 9824.0 188
126.4966 9760.0 188
126.8262 9656.0 188
127.1558 9584.0 188
127.4963 9520.0 188
127.8259 9464.0 188
128.1665 9408.0 188
128.4961 9408.0 188
128.8422 9376.0 188
129.1718 9304.0 188
129.5123 9288.0 188
129.8419 9328.0 188
130.1715 9248.0 188
130.5121 9088.0 188
130.8417 8984.0 188
131.1823 8888.0 188
131.5118 8784.0 188
131.8579 8632.0 188
132.1875 8560.0 188
132.5281 8592.0 188
132.9181 8112.0 188
133.2477 8144.0 188
133.5278 8208.0 188
133.8574 8232.0 188
134.2474 8160.0 188
134.5935 8040.0 188
134.9176 7856.0 188
135.2637 7864.0 188
135.5933 7904.0 188
135.9338 7904.0 188
136.2634 7888.0 188
136.6040 7856.0 188
136.9336 7888.0 188
137.2797 7800.0 188
137.6093 7792.0 188
137.9498 7840.0 188
138.2794 7888.0 188
138.6090 7872.0 188
138.9496 7832.0 188
139.2792 7880.0 188
139.6198 7904.0 188
139.9493 7928.0 188
140.2954 7936.0 188
140.6250 7928.0 188
141.6357 7936.0 188
141.9653 7928.0 188
142.3114 7960.0 188
142.6355 7992.0 188
142.9816 7936.0 188
143.3112 7976.0 188
143.6517 8032.0 188
143.9813 8008.0 188
144.3109 7992.0 188
144.6515 7968.0 188
144.9811 7896.0 188
145.3271 7816.0 188
145.6512 7880.0 188
145.9973 7848.0 188
146.3269 7848.0 188
146.6675 7944.0 188
146.9971 7936.0 188
147.3431 7952.0 188
147.6672 7904.0 188
148.0133 7800.0 188
148.3429 7776.0 188
148.6835 7816.0 188
149.0131 7832.0 188
149.3427 7816.0 188
149.6832 7792.0 188
150.0128 7784.0 188
150.3589 7848.0 188
150.6830 6920.0 188
151.0291 6616.0 188
151.3586 6520.0 188
151.6992 6384.0 188
152.0288 6400.0 188
152.3749 6472.0 188
152.6990 6456.0 188
153.0450 6448.0 188
153.3746 6456.0 188
153.7152 6400.0 188
154.0448 6392.0 188
154.3854 6384.0 188
154.7150 6376.0 188
155.0446 6336.0 188
155.3906 6336.0 188
155.7147 6424.0 188
156.0608 6416.0 188
156.3904 6408.0 188
156.7310 6432.0 188
157.0605 6400.0 188
157.4011 6392.0 188
157.7307 6416.0 188
158.0768 6416.0 188
158.4009 6368.0 188
158.7469 6280.0 188
159.0765 6248.0 188
159.4171 6288.0 188
159.7467 6296.0 188
160.0763 6264.0 188
160.4169 6216.0 188
160.8124 6104.0 188
161.1365 6040.0 188
161.4825 5952.0 188
161.8121 5840.0 188
162.1527 5768.0 188
162.4823 5728.0 188
162.8229 5696.0 188
163.1525 5640.0 188
163.4985 5584.0 188
163.8281 5552.0 188
164.1687 5528.0 188
164.4983 5512.0 188
164.8389 5496.0 188
165.1685 5480.0 188
165.5145 5472.0 188
165.8386 5512.0 188
166.1847 5512.0 188
166.5143 5488.0 188
166.8384 5472.0 188
167.1844 5456.0 188
167.5140 5472.0 188
167.8546 5472.0 188
168.1842 5464.0 188
168.5303 5464.0 188
168.8544 5376.0 188
169.2004 5224.0 188
169.5300 5176.0 188
169.8706 5320.0 188
170.2002 5480.0 188
170.5463 5544.0 188
170.8704 5552.0 188
171.2164 5592.0 188
171.5460 5680.0 188
171.8866 5720.0 188
172.2162 5768.0 188
172.5623 5808.0 188
172.8864 5896.0 188
173.2324 6016.0 188
173.5620 6080.0 188
173.8861 6104.0 188
174.1718 6152.0 188
174.5123 6224.0 188
174.8419 6248.0 188
175.1825 6312.0 188
175.5121 6368.0 188
175.8582 6368.0 188
176.1823 6376.0 188
176.5283 6400.0 188
176.8579 6368.0 188
177.2479 5888.0 188
177.5885 5824.0 188
177.9181 5696.0 188
178.2642 5656.0 188
178.5938 5648.0 188
178.9343 5584.0 188
179.2639 5560.0 188
179.6045 5504.0 188
179.9341 5384.0 188
180.2802 5328.0 188
180.6042 5264.0 188
180.9503 5192.0 188
181.2799 5160.0 188
181.6040 5152.0 188
181.9501 5080.0 188
182.3401 4912.0 188
182.6697 4816.0 188
183.0103 4728.0 188
183.3398 4648.0 188
183.6859 4584.0 188
184.0155 4472.0 188
184.3561 4384.0 188
184.7461 3980.0 188
185.0757 3940.0 188
185.4218 3864.0 188
185.7458 3836.0 188
186.0919 3816.0 188
186.4215 3672.0 188
186.7621 3524.0 188
187.1521 3428.0 188
187.4817 3312.0 188
187.8278 3208.0 188
188.1519 3116.0 188
188.5419 3028.0 188
188.8879 2956.0 188
189.2175 2880.0 188
189.5581 2804.0 188
189.8877 2748.0 188
190.2777 2700.0 188
190.6238 2656.0 188
190.9479 2572.0 188
191.2939 2492.0 188
191.6235 2460.0 188
192.0135 2412.0 188
192.3541 2344.0 188
192.6837 2288.0 188
193.0298 2244.0 188
193.4198 2188.0 188
193.7494 2140.0 188
194.0900 2100.0 188
194.4196 2068.0 188
194.8096 2032.0 188
195.1556 1968.0 188
195.4797 1898.0 188
195.8698 1844.0 188
196.2158 1788.0 188
196.6058 1738.0 188
196.9354 1704.0 188
197.2760 1664.0 188
197.6715 1626.0 188
197.9956 1598.0 188
198.3417 1568.0 188
198.7317 1530.0 188
199.0613 1506.0 188
199.4019 1488.0 188
199.7314 1464.0 188
200.1215 1442.0 188
200.4675 1420.0 188
200.7916 1400.0 188
201.1377 1380.0 188
201.5277 1362.0 188
201.8738 1344.0 188
202.1979 1330.0 188
202.5439 1316.0 188
202.8735 1300.0 188
203.2635 1282.0 188
203.6041 1262.0 188
203.9502 1246.0 188
204.2798 1230.0 188
204.6698 1212.0 188
205.0104 1198.0 188
205.3400 1186.0 188
205.7300 1170.0 188
206.0760 1156.0 188
206.4166 1144.0 188
206.7462 1132.0 188
207.0923 1120.0 188
207.4823 1108.0 188
207.8119 1094.0 188
208.1525 1082.0 188
208.4821 1072.0 188
208.8885 1062.0 188
209.2181 1054.0 188
209.5587 1042.0 188
209.8883 1030.0 188
210.2783 1020.0 188
210.6244 1014.0 188
210.9485 1008.0 188
211.2946 1004.0 188
211.6406 1000.0 188
212.3108 1000.0 188
297.7954 662.0 188
298.1250 662.0 188
298.4656 664.0 188
298.7952 662.0 188
299.1357 660.0 188
299.4653 660.0 188
299.8114 660.0 188
300.1355 660.0 188
300.4816 660.0 188
300.8276 662.0 188
301.1517 664.0 188
301.4978 664.0 188
301.8274 664.0 188
302.1075 666.0 188
302.4481 668.0 188
302.7942 670.0 188
303.1238 674.0 188
303.4644 674.0 188
303.8104 676.0 188
304.1400 678.0 188
304.4806 680.0 188
304.8102 682.0 188
305.0903 686.0 188
305.4364 692.0 188
305.7770 696.0 188
306.1066 700.0 188
306.3867 704.0 188
306.7328 710.0 188
307.0624 716.0 188
307.4030 720.0 188
307.7490 722.0 188
308.0292 724.0 188
308.3588 728.0 188
308.6993 732.0 188
309.0289 736.0 188
309.3750 740.0 188
309.7156 744.0 188
309.9957 750.0 188
310.3253 752.0 188
310.6714 756.0 188
310.9955 760.0 188
311.3416 764.0 188
311.6217 770.0 188
311.9678 776.0 188
312.2919 780.0 188
312.6379 782.0 188
312.9675 790.0 188
313.2642 796.0 188
313.5938 800.0 188
313.9343 806.0 188
314.2639 810.0 188
314.6045 814.0 188
314.8901 820.0 188
315.2307 824.0 188
315.5603 828.0 188
315.9009 832.0 188
316.2305 840.0 188
316.5765 846.0 188
316.8567 854.0 188
317.2028 860.0 188
317.5269 864.0 188
317.8729 870.0 188
318.2025 874.0 188
318.4827 880.0 188
318.8232 888.0 188
319.1693 896.0 188
319.4989 902.0 188
319.8395 910.0 188
320.1196 918.0 188
320.4492 926.0 188
320.7953 934.0 188
321.1359 944.0 188
321.4215 952.0 188
321.7456 962.0 188
322.0917 970.0 188
322.4323 974.0 188
322.7618 982.0 188
323.0420 992.0 188
323.3881 1000.0 188
323.7177 1010.0 188
324.0582 1018.0 188
324.3384 1028.0 188
324.6844 1038.0 188
325.0140 1048.0 188
325.3546 1058.0 188
325.6842 1068.0 188
325.9644 1078.0 188
326.3104 1086.0 188
326.6510 1096.0 188
326.9806 1104.0 188
327.3267 1114.0 188
327.6068 1128.0 188
327.9364 1140.0 188
328.2770 1148.0 188
328.6230 1160.0 188
328.9032 1174.0 188
329.2328 1184.0 188
329.5734 1194.0 188
329.9030 1206.0 188
330.2490 1222.0 188
330.5292 1234.0 188
330.8698 1246.0 188
331.1993 1260.0 188
331.5454 1272.0 188
331.8750 1286.0 188
332.1552 1302.0 188
332.4957 1318.0 188
332.8253 1336.0 188
333.1714 1356.0 188
333.4515 1378.0 188
333.7811 1406.0 188
334.1217 1426.0 188
334.4019 1448.0 188
334.7314 1478.0 188
335.0775 1508.0 188
335.4016 1536.0 188
335.6873 1564.0 188
336.0278 1592.0 188
336.3739 1614.0 188
336.6980 1636.0 188
336.9836 1656.0 188
337.3242 1668.0 188
337.6538 1682.0 188
337.9999 1706.0 188
338.3240 1728.0 188
338.6041 1768.0 188
338.9502 1818.0 188
339.2798 1882.0 188
339.5599 1952.0 188
339.9060 1994.0 188
340.2301 2048.0 188
340.5103 2124.0 188
340.8563 2204.0 188
341.1365 2296.0 188
341.4661 2372.0 188
341.8121 2428.0 188
342.0923 2500.0 188
342.4219 2576.0 188
342.7625 2628.0 188
343.0920 2704.0 188
343.3722 2780.0 188
343.7183 2836.0 188
344.0424 2904.0 188
344.3884 2964.0 188
344.7290 3040.0 188
344.9982 3144.0 188
345.3387 3248.0 188
345.6848 3384.0 188
345.9650 3552.0 188
346.2946 3720.0 188
346.6406 3884.0 188
346.9647 4000.0 188
347.3108 4080.0 188
347.5909 4200.0 188
347.9205 4328.0 188
348.5907 4480.0 188
