#RPLIDAR SCAN DATA
#COUNT=593
#Angule	Distance	Quality
354.4684 9352.0 188
354.7925 9424.0 188
355.1385 9528.0 188
355.8087 9064.0 188
42.0282 13624.0 188
47.1368 10232.0 188
56.2335 10672.0 188
56.9037 10184.0 188
57.2498 10096.0 188
57.9803 7936.0 188
58.3099 7936.0 188
58.6560 8024.0 188
59.2603 10016.0 188
59.6063 9648.0 188
59.9359 9744.0 188
60.2765 9712.0 188
61.2927 9584.0 188
61.9684 8376.0 188
62.2925 8320.0 188
63.3087 8416.0 188
63.6548 9888.0 188
63.9844 9928.0 188
64.3250 10000.0 188
64.6545 10032.0 188
65.3247 9992.0 188
65.6708 9960.0 188
65.9949 9456.0 188
66.3409 9440.0 188
66.6870 9352.0 188
67.0111 9248.0 188
67.3572 8840.0 188
67.6868 8776.0 188
68.0273 8808.0 188
68.3569 8848.0 188
68.7030 8896.0 188
69.0271 9344.0 188
69.3732 9296.0 188
69.7137 9280.0 188
70.0433 9216.0 188
70.3894 9056.0 188
70.7135 8896.0 188
71.1090 7768.0 188
71.4496 7720.0 188
71.7792 7760.0 188
72.1198 7832.0 188
72.4658 7864.0 188
72.7954 7896.0 188
73.1360 7896.0 188
73.4656 7968.0 188
73.8116 7960.0 188
74.1357 8000.0 188
74.4818 8120.0 188
74.8114 8144.0 188
75.1520 8128.0 188
75.4321 8592.0 188
75.7617 9176.0 188
76.4484 9312.0 188
76.7780 9440.0 188
77.4481 9440.0 188
77.7942 9376.0 188
78.1238 9320.0 188
78.4644 9368.0 188
78.7939 9272.0 188
79.4806 9080.0 188
82.4963 10200.0 188
83.1830 10280.0 188
83.5126 9864.0 188
84.5288 10184.0 188
85.8746 10136.0 188
86.2152 10000.0 188
86.5448 9912.0 188
86.8854 9912.0 188
87.2150 10024.0 188
87.5610 10048.0 188
87.8906 9888.0 188
88.2312 9864.0 188
88.5608 9928.0 188
88.9014 9944.0 188
89.2474 9912.0 188
89.5770 9528.0 188
89.9176 9536.0 188
90.2472 9488.0 188
90.5933 9416.0 188
91.9336 9280.0 188
92.2632 9208.0 188
92.6093 8280.0 188
92.9993 7960.0 188
93.3398 7936.0 188
93.6694 7952.0 188
94.0155 7936.0 188
94.3396 7848.0 188
94.6857 7752.0 188
95.0153 7688.0 188
95.3558 7656.0 188
95.7019 7608.0 188
96.0260 7544.0 188
96.3721 7416.0 188
96.7017 7344.0 188
97.0422 7360.0 188
97.3718 7424.0 188
97.7179 7472.0 188
98.0420 7544.0 188
98.3881 7848.0 188
98.7177 7856.0 188
99.0582 7912.0 188
99.3878 7896.0 188
99.7339 7760.0 188
100.0580 7656.0 188
100.6842 10704.0 188
101.0138 10712.0 188
101.3544 10680.0 188
101.6840 10656.0 188
102.0300 10648.0 188
102.3541 11384.0 188
102.7002 10840.0 188
103.0298 10800.0 188
103.3704 10776.0 188
103.7000 10808.0 188
104.0460 10824.0 188
104.3701 10840.0 188
104.7162 10824.0 188
105.0458 10840.0 188
105.7159 10840.0 188
106.0620 10936.0 188
106.7322 10944.0 188
107.0618 10592.0 188
107.4023 10728.0 188
107.7319 10856.0 188
108.0780 10824.0 188
108.4021 10792.0 188
108.7482 10784.0 188
109.0778 10736.0 188
109.4183 10720.0 188
109.7479 10744.0 188
110.0885 10752.0 188
110.7642 10808.0 188
111.7639 10864.0 188
112.1045 10544.0 188
112.4341 10536.0 188
112.7802 10648.0 188
113.1042 10672.0 188
113.7799 10672.0 188
114.1205 10760.0 188
114.7961 10792.0 188
115.1202 10816.0 188
115.4663 10808.0 188
115.7959 10840.0 188
116.1365 10840.0 188
116.4661 10712.0 188
116.8121 10608.0 188
117.1362 10656.0 188
117.4823 10696.0 188
117.8119 10336.0 188
118.1525 10648.0 188
118.4821 10608.0 188
118.8281 10552.0 188
119.1522 10416.0 188
119.4983 10416.0 188
119.8279 10440.0 188
120.1685 10288.0 188
120.4980 10264.0 188
120.8386 10272.0 188
121.1682 10144.0 188
121.5143 10008.0 188
121.8384 10000.0 188
122.1844 9560.0 188
122.5140 9680.0 188
122.8546 9856.0 188
123.1842 9728.0 188
123.5303 9656.0 188
123.8544 9808.0 188
124.2004 9720.0 188
124.5300 9616.0 188
124.8706 9752.0 188
125.2002 9864.0 188
125.5463 9856.0 188
125.8704 9776.0 188
126.2164 9768.0 188
126.5460 9736.0 188
126.8866 9656.0 188
127.2162 9608.0 188
127.5623 9496.0 188
127.8864 9392.0 188
128.2324 9376.0 188
128.5620 9408.0 188
128.9026 9456.0 188
129.2322 9424.0 188
129.5728 9376.0 188
129.9023 9360.0 188
130.2924 8072.0 188
130.6219 7928.0 188
130.9680 7760.0 188
131.2921 7696.0 188
131.6382 7744.0 188
131.9678 7792.0 188
132.2919 7744.0 188
132.6379 7736.0 188
132.9675 7696.0 188
133.3081 7664.0 188
133.6377 7744.0 188
133.9673 7688.0 188
134.3079 7632.0 188
134.6375 7712.0 188
134.9835 7688.0 188
135.3076 7640.0 188
135.6372 7632.0 188
135.9833 7600.0 188
136.3074 7616.0 188
136.6534 7616.0 188
136.9830 7576.0 188
137.3071 7600.0 188
137.6532 7624.0 188
137.9828 7664.0 188
138.3234 7648.0 188
138.6530 7584.0 188
138.9825 7544.0 188
139.3231 7544.0 188
139.6527 7576.0 188
139.9988 7560.0 188
140.3229 7528.0 188
140.6525 7464.0 188
140.9985 7432.0 188
141.3281 7440.0 188
141.6687 7392.0 188
141.9983 7336.0 188
142.3389 7304.0 188
142.6685 7272.0 188
142.9980 7272.0 188
143.3386 7296.0 188
143.6682 7272.0 188
144.0143 7240.0 188
144.3384 7208.0 188
144.6680 7104.0 188
145.0140 7056.0 188
145.3436 7024.0 188
145.6842 7008.0 188
146.0138 7040.0 188
146.3434 7040.0 188
146.6840 7088.0 188
147.0135 7008.0 188
147.3541 6808.0 188
147.6837 6736.0 188
148.0133 6608.0 188
148.3594 6264.0 188
148.6835 6240.0 188
149.0295 6224.0 188
149.3591 6208.0 188
149.6832 6224.0 188
150.0293 6200.0 188
150.3589 6160.0 188
150.7489 6144.0 188
151.0895 6136.0 188
151.3586 6152.0 188
151.7487 6128.0 188
152.0892 6072.0 188
152.4188 6048.0 188
152.7649 6032.0 188
153.0890 5960.0 188
153.4351 5920.0 188
153.7646 5880.0 188
154.0887 5816.0 188
154.4348 5776.0 188
154.7644 5800.0 188
155.1050 5816.0 188
155.4346 5792.0 188
155.7642 5784.0 188
156.1047 5784.0 188
156.4343 5784.0 188
156.7804 5760.0 188
157.1045 5768.0 188
157.4341 5800.0 188
157.7802 5808.0 188
158.1042 5792.0 188
158.4503 5808.0 188
158.7799 5832.0 188
159.1040 5800.0 188
159.4501 5792.0 188
159.7797 5800.0 188
160.1202 5800.0 188
160.4498 5760.0 188
160.7794 5768.0 188
161.1200 5784.0 188
161.4496 5728.0 188
161.7957 5728.0 188
162.1198 5696.0 188
162.4658 5672.0 188
162.7954 5584.0 188
163.1360 5400.0 188
163.4656 5328.0 188
163.8116 5320.0 188
164.1357 5288.0 188
164.4818 5272.0 188
164.8114 5280.0 188
165.1520 5280.0 188
165.4816 5224.0 188
165.8276 5208.0 188
166.1517 5232.0 188
166.4978 5248.0 188
166.8274 5216.0 188
167.1680 5216.0 188
167.4976 5224.0 188
167.8436 5184.0 188
168.1677 5176.0 188
168.5138 5168.0 188
168.8434 5152.0 188
169.1840 5136.0 188
169.5135 5112.0 188
169.8541 5088.0 188
170.1837 5120.0 188
170.5298 5144.0 188
170.8594 5136.0 188
171.2000 5104.0 188
171.5295 5056.0 188
171.8701 5064.0 188
172.1997 5104.0 188
172.5458 5144.0 188
172.8699 5144.0 188
173.2159 5192.0 188
173.5455 5248.0 188
173.8861 5264.0 188
174.2157 5312.0 188
174.5618 5384.0 188
174.8859 5528.0 188
175.2319 5704.0 188
175.5615 5816.0 188
175.9021 5904.0 188
176.2317 5936.0 188
176.5778 5984.0 188
176.9019 5960.0 188
177.2479 5432.0 188
177.6984 3752.0 188
178.0280 3776.0 188
178.3740 3836.0 188
178.6981 3864.0 188
179.0442 3848.0 188
179.3738 3868.0 188
179.7144 3868.0 188
180.0439 3856.0 188
180.3900 3868.0 188
180.7141 3860.0 188
181.0602 3864.0 188
181.3898 3872.0 188
181.7303 3868.0 188
182.0599 3868.0 188
182.4060 3852.0 188
182.7301 3836.0 188
183.0762 3844.0 188
183.4058 3848.0 188
183.7463 3844.0 188
184.0759 3836.0 188
184.4165 3836.0 188
184.7461 3832.0 188
185.0922 3784.0 188
185.4218 3692.0 188
185.7623 3612.0 188
186.0919 3580.0 188
186.4325 3532.0 188
186.8280 3448.0 188
187.1521 3336.0 188
187.4982 3220.0 188
187.8278 3124.0 188
188.2178 3032.0 188
188.5583 2936.0 188
188.8879 2856.0 188
189.2340 2796.0 188
189.6240 2728.0 188
189.9481 2660.0 188
190.2942 2596.0 188
190.6238 2528.0 188
190.9644 2480.0 188
191.3544 2444.0 188
191.6840 2404.0 188
192.0300 2368.0 188
192.3541 2296.0 188
192.7002 2236.0 188
193.0902 2208.0 188
193.4198 2168.0 188
193.7604 2128.0 188
194.0900 2080.0 188
194.4965 2036.0 188
194.8260 1976.0 188
195.1666 1914.0 188
195.5621 1862.0 188
195.8862 1816.0 188
196.2323 1776.0 188
196.6223 1734.0 188
196.9519 1698.0 188
197.2925 1668.0 188
197.6825 1630.0 188
198.0121 1596.0 188
198.3582 1568.0 188
198.7482 1536.0 188
199.0887 1506.0 188
199.4183 1482.0 188
199.7644 1460.0 188
200.1544 1438.0 188
200.4840 1416.0 188
200.8246 1392.0 188
201.1542 1378.0 188
201.5442 1362.0 188
201.8903 1348.0 188
202.2144 1334.0 188
202.5604 1312.0 188
202.9504 1288.0 188
203.2965 1270.0 188
203.6206 1252.0 188
203.9667 1232.0 188
204.3567 1218.0 188
204.6863 1204.0 188
205.0269 1192.0 188
205.3564 1178.0 188
205.7465 1162.0 188
206.0925 1148.0 188
206.4166 1134.0 188
206.7627 1124.0 188
207.1527 1112.0 188
207.4988 1100.0 188
207.8229 1086.0 188
208.1689 1076.0 188
208.5590 1066.0 188
208.8885 1054.0 188
209.2291 1044.0 188
209.5587 1036.0 188
209.9048 1026.0 188
210.2948 1014.0 188
210.6244 1008.0 188
210.9650 1004.0 188
211.3110 1000.0 188
211.6406 994.0 188
212.6514 998.0 188
297.7295 666.0 188
298.0591 666.0 188
298.4052 668.0 188
298.7292 668.0 188
299.0753 670.0 188
299.4049 668.0 188
299.7455 670.0 188
300.0751 668.0 188
300.4211 668.0 188
300.7617 670.0 188
301.0913 670.0 188
301.4374 670.0 188
301.7615 670.0 188
302.1075 672.0 188
302.4371 672.0 188
302.7777 676.0 188
303.1073 676.0 188
303.4479 678.0 188
303.7775 682.0 188
304.0576 684.0 188
304.4037 686.0 188
304.7333 688.0 188
305.0739 688.0 188
305.4199 690.0 188
305.7495 698.0 188
306.0297 704.0 188
306.3702 710.0 188
306.6998 714.0 188
307.0459 716.0 188
307.3700 720.0 188
307.6556 726.0 188
307.9962 728.0 188
308.3258 732.0 188
308.6719 736.0 188
308.9960 738.0 188
309.3420 742.0 188
309.6716 744.0 188
309.9518 750.0 188
310.2924 756.0 188
310.6219 760.0 188
310.9680 762.0 188
311.3086 766.0 188
311.5778 772.0 188
311.9183 776.0 188
312.2644 782.0 188
312.5885 786.0 188
312.9346 792.0 188
313.2147 798.0 188
313.5443 802.0 188
313.8904 806.0 188
314.2145 812.0 188
314.5605 818.0 188
314.8407 822.0 188
315.1703 826.0 188
315.5109 830.0 188
315.8405 836.0 188
316.1865 844.0 188
316.4667 850.0 188
316.7963 854.0 188
317.1368 860.0 188
317.4664 868.0 188
317.8125 874.0 188
318.1531 878.0 188
318.4167 884.0 188
318.7628 890.0 188
319.1089 898.0 188
319.4330 904.0 188
319.7186 912.0 188
320.0592 918.0 188
320.3888 926.0 188
320.7294 936.0 188
321.0590 944.0 188
321.3391 952.0 188
321.6852 958.0 188
322.0148 966.0 188
322.3553 976.0 188
322.6355 986.0 188
322.9651 992.0 188
323.3112 1002.0 188
323.6353 1010.0 188
323.9813 1020.0 188
324.2615 1032.0 188
324.5911 1038.0 188
324.9371 1046.0 188
325.2612 1054.0 188
325.6073 1066.0 188
325.8875 1076.0 188
326.2170 1086.0 188
326.5576 1098.0 188
326.8872 1106.0 188
327.2333 1116.0 188
327.4969 1126.0 188
327.8430 1134.0 188
328.1671 1148.0 188
328.5132 1162.0 188
328.8428 1168.0 188
329.1229 1178.0 188
329.4635 1192.0 188
329.7931 1202.0 188
330.1392 1214.0 188
330.4688 1226.0 188
330.7489 1240.0 188
331.0895 1252.0 188
331.4191 1266.0 188
331.7651 1282.0 188
332.0288 1348.0 188
332.3090 1424.0 188
332.6550 1446.0 188
332.9352 1456.0 188
333.2648 1462.0 188
333.6053 1466.0 188
333.9349 1472.0 188
334.2810 1480.0 188
334.6051 1494.0 188
334.9512 1508.0 188
335.2808 1522.0 188
335.5609 1540.0 188
335.8905 1560.0 188
336.2311 1580.0 188
336.5607 1608.0 188
336.8408 1646.0 188
337.1869 1666.0 188
337.5110 1678.0 188
337.8571 1710.0 188
338.1866 1744.0 188
338.4668 1758.0 188
338.8074 1800.0 188
339.1370 1860.0 188
339.4171 1898.0 188
339.7467 1936.0 188
340.0928 2012.0 188
340.3729 2092.0 188
340.7025 2144.0 188
341.0431 2196.0 188
341.3232 2256.0 188
341.6528 2328.0 188
341.9989 2388.0 188
342.2791 2460.0 188
342.6086 2556.0 188
342.9327 2636.0 188
343.2788 2724.0 188
343.5590 2800.0 188
343.8885 2852.0 188
344.1687 3244.0 188
344.5148 3308.0 188
344.8389 3384.0 188
345.1849 3436.0 188
345.5145 3496.0 188
345.7947 3536.0 188
346.1353 3568.0 188
346.4648 3628.0 188
346.7944 3732.0 188
347.1405 3848.0 188
347.4646 4016.0 188
347.7448 4176.0 188
348.0908 4336.0 188
348.4808 3940.0 188
348.8104 3904.0 188
349.1510 3848.0 188
349.4806 3816.0 188
349.8267 3824.0 188
350.1068 4148.0 188
350.7770 4176.0 188
