#RPLIDAR SCAN DATA
#COUNT=609
#Angule	Distance	Quality
352.0129 4144.0 188
352.3425 4176.0 188
353.1830 8480.0 188
353.5291 8536.0 188
354.1827 8616.0 188
355.1990 8936.0 188
356.1987 9040.0 188
357.2150 9456.0 188
359.2145 9856.0 188
53.9484 11904.0 188
54.6240 11800.0 188
56.3104 9432.0 188
56.6400 9440.0 188
56.9806 9432.0 188
57.3102 9368.0 188
57.6563 9360.0 188
57.9803 9464.0 188
58.3264 9632.0 188
58.6670 9776.0 188
58.9966 9896.0 188
59.6667 9888.0 188
60.0128 9832.0 188
60.3424 9872.0 188
60.6830 9952.0 188
61.0291 10008.0 188
61.6992 9952.0 188
62.0288 9552.0 188
62.3749 9536.0 188
62.6990 9576.0 188
63.0450 9520.0 188
63.3746 9400.0 188
63.7152 9392.0 188
64.0613 9328.0 188
64.7314 9344.0 188
65.0610 9424.0 188
65.4016 9352.0 188
65.7312 9264.0 188
66.0773 9280.0 188
66.4178 9256.0 188
66.7474 9112.0 188
67.0935 9040.0 188
67.4176 8936.0 188
67.7637 8816.0 188
68.0933 8936.0 188
68.4338 8992.0 188
68.7799 8968.0 188
70.7959 10352.0 188
71.1365 9144.0 188
71.4661 8232.0 188
71.8561 8104.0 188
72.2021 7960.0 188
72.5262 7944.0 188
72.8723 7952.0 188
73.2184 7952.0 188
73.4985 8448.0 188
73.8281 9056.0 188
74.8389 8920.0 188
75.8551 9512.0 188
76.1847 9528.0 188
76.5308 9536.0 188
76.8549 9504.0 188
77.2009 9552.0 188
77.5305 9504.0 188
77.8711 9056.0 188
78.2172 8992.0 188
78.8873 9008.0 188
79.2169 9064.0 188
79.5575 9072.0 188
79.8871 9120.0 188
80.9033 9472.0 188
82.9358 10360.0 188
83.2654 10304.0 188
83.6060 10240.0 188
83.9355 10200.0 188
84.9518 10296.0 188
85.9680 10336.0 188
86.6382 10200.0 188
86.9678 10168.0 188
87.3083 10032.0 188
87.9840 9888.0 188
88.3246 9968.0 188
88.6542 9952.0 188
88.9948 9560.0 188
89.3243 9568.0 188
89.6704 9584.0 188
90.0110 9520.0 188
90.3406 9440.0 188
90.6866 9400.0 188
91.0107 9408.0 188
91.3568 9376.0 188
91.6864 9240.0 188
92.0270 9232.0 188
92.3730 9320.0 188
92.7631 7976.0 188
93.0927 8016.0 188
93.7628 8008.0 188
94.1089 7944.0 188
94.4495 7864.0 188
94.7791 7760.0 188
95.1196 7728.0 188
95.4492 7720.0 188
95.7953 7648.0 188
96.1249 7336.0 188
96.4655 7344.0 188
96.8115 7344.0 188
97.1356 7368.0 188
97.4817 7472.0 188
97.8113 7624.0 188
98.1519 7720.0 188
98.4814 7800.0 188
98.8275 7896.0 188
99.1516 7984.0 188
99.4977 7880.0 188
99.8273 7664.0 188
100.1678 8048.0 188
100.4370 10680.0 188
101.1072 10720.0 188
101.4478 10808.0 188
101.7773 10824.0 188
102.1234 10760.0 188
102.4530 11112.0 188
102.7936 11000.0 188
103.1232 10808.0 188
103.4637 10752.0 188
103.7933 10856.0 188
104.1394 11008.0 188
104.4635 11000.0 188
104.8096 10920.0 188
105.1392 11040.0 188
105.4797 11008.0 188
105.8093 10704.0 188
106.1554 11184.0 188
106.4795 10824.0 188
106.8256 10736.0 188
107.1552 10672.0 188
107.4957 10744.0 188
107.8253 10840.0 188
108.1549 10720.0 188
108.4955 11208.0 188
108.8251 10536.0 188
109.1711 10840.0 188
109.8413 10832.0 188
110.1709 10840.0 188
110.5115 10848.0 188
110.8411 10824.0 188
111.1871 10736.0 188
111.5112 10776.0 188
111.8573 10832.0 188
112.1869 10744.0 188
112.5275 10736.0 188
112.8571 10720.0 188
113.2031 10640.0 188
113.8733 10720.0 188
114.2029 10736.0 188
114.5435 10680.0 188
114.8730 10672.0 188
115.2136 10656.0 188
115.5432 10672.0 188
115.8728 10672.0 188
116.2134 10720.0 188
116.5430 10680.0 188
116.8890 10640.0 188
117.2186 10640.0 188
117.5592 10648.0 188
117.8888 10632.0 188
118.2294 10576.0 188
118.5590 10440.0 188
118.9050 10096.0 188
119.2291 10008.0 188
119.5752 9920.0 188
119.9048 9920.0 188
120.2454 10024.0 188
120.5750 10152.0 188
120.9210 10048.0 188
121.2451 10008.0 188
121.5912 9952.0 188
121.9208 9816.0 188
122.2614 9776.0 188
122.5909 9792.0 188
122.9370 9784.0 188
123.2611 9776.0 188
123.5907 9784.0 188
123.9368 9640.0 188
124.2609 9640.0 188
124.6069 9744.0 188
124.9365 9632.0 188
125.2771 9288.0 188
125.6067 9304.0 188
125.9528 9232.0 188
126.2769 9112.0 188
126.6229 9032.0 188
126.9525 9016.0 188
127.2931 9096.0 188
127.6227 8744.0 188
127.9688 8424.0 188
128.3588 8128.0 188
128.6829 7632.0 188
129.0289 7552.0 188
129.3585 7512.0 188
129.6991 7552.0 188
130.0287 7640.0 188
130.3748 7712.0 188
130.6989 7728.0 188
131.0284 7728.0 188
131.3745 7736.0 188
131.6986 7744.0 188
132.0447 7704.0 188
132.3743 7680.0 188
132.7148 7656.0 188
133.0444 7600.0 188
133.3740 7568.0 188
133.7146 7640.0 188
134.0442 7656.0 188
134.3903 7632.0 188
134.7144 7640.0 188
135.0604 7664.0 188
135.3900 7656.0 188
135.7141 7624.0 188
136.0602 7640.0 188
136.3898 7696.0 188
136.7303 7736.0 188
137.0599 7736.0 188
137.4060 7712.0 188
137.7301 7712.0 188
138.0597 7728.0 188
138.4058 7640.0 188
138.7299 7584.0 188
139.0759 7656.0 188
139.4055 7712.0 188
139.7461 7648.0 188
140.0757 7632.0 188
140.4053 7672.0 188
140.7458 7632.0 188
141.0754 7584.0 188
141.4215 7576.0 188
141.7456 7552.0 188
142.0752 7512.0 188
142.4213 7424.0 188
142.7454 7408.0 188
143.0914 7360.0 188
143.4210 7280.0 188
143.7616 7328.0 188
144.0912 7264.0 188
144.4208 7240.0 188
144.7614 7256.0 188
145.0909 7152.0 188
145.4370 6992.0 188
145.7611 6904.0 188
146.1072 6888.0 188
146.4368 6888.0 188
146.7609 6856.0 188
147.1069 6808.0 188
147.4365 6712.0 188
147.7771 6320.0 188
148.1067 6248.0 188
148.4528 6200.0 188
148.7769 6208.0 188
149.1064 6160.0 188
149.4525 6152.0 188
149.7766 6168.0 188
150.1666 6144.0 188
150.5127 6120.0 188
150.8423 6096.0 188
151.1829 6072.0 188
151.5125 6072.0 188
151.8420 6048.0 188
152.1826 6016.0 188
152.5122 5992.0 188
152.8583 5992.0 188
153.1824 5984.0 188
153.5284 5944.0 188
153.8580 5912.0 188
154.1821 5928.0 188
154.5282 5904.0 188
154.8578 5880.0 188
155.1984 5848.0 188
155.5280 5816.0 188
155.8740 5856.0 188
156.1981 5840.0 188
156.5277 5808.0 188
156.8738 5800.0 188
157.1979 5792.0 188
157.5439 5808.0 188
157.8735 5816.0 188
158.2141 5800.0 188
158.5437 5776.0 188
158.8733 5752.0 188
159.2139 5744.0 188
159.5435 5736.0 188
159.8895 5728.0 188
160.2136 5712.0 188
160.5597 5688.0 188
160.8893 5680.0 188
161.2134 5672.0 188
161.5594 5624.0 188
161.8890 5296.0 188
162.2296 5264.0 188
162.5592 5224.0 188
162.9053 5184.0 188
163.2294 5128.0 188
163.5754 5096.0 188
163.9050 5088.0 188
164.2456 5040.0 188
164.5752 5000.0 188
164.9213 4984.0 188
165.2454 4968.0 188
165.5914 4968.0 188
165.9210 4952.0 188
166.2616 4920.0 188
166.5912 4920.0 188
166.9812 4888.0 188
167.3273 4872.0 188
167.6514 4880.0 188
167.9974 4872.0 188
168.3270 4848.0 188
168.6676 4832.0 188
168.9972 4824.0 188
169.3433 4880.0 188
169.6234 4992.0 188
169.9530 5064.0 188
170.2936 5128.0 188
170.6232 5168.0 188
170.9637 5168.0 188
171.2933 5160.0 188
171.6394 5200.0 188
171.9635 5208.0 188
172.3096 5200.0 188
172.6392 5232.0 188
172.9688 5272.0 188
173.3093 5296.0 188
173.6389 5304.0 188
173.9795 5328.0 188
174.3091 5320.0 188
174.6552 5336.0 188
174.9792 5352.0 188
175.3253 5432.0 188
175.6549 5576.0 188
175.9955 5624.0 188
176.3251 5632.0 188
176.6711 5616.0 188
176.9952 5536.0 188
177.5116 3504.0 188
177.7917 3516.0 188
178.1213 3528.0 188
178.4509 3552.0 188
178.7915 3580.0 188
179.1211 3584.0 188
179.4672 3588.0 188
179.7968 3580.0 188
180.1373 3576.0 188
180.4669 3592.0 188
180.8075 3588.0 188
181.1371 3580.0 188
181.4832 3580.0 188
181.8073 3584.0 188
182.1533 3580.0 188
182.4829 3576.0 188
182.8235 3572.0 188
183.1531 3572.0 188
183.4991 3568.0 188
183.8232 3556.0 188
184.1693 3564.0 188
184.4989 3564.0 188
184.8395 3560.0 188
185.1691 3536.0 188
185.5591 3476.0 188
185.9052 3420.0 188
186.2292 3360.0 188
186.5753 3324.0 188
186.9049 3296.0 188
187.2455 3228.0 188
187.5751 3120.0 188
187.9651 3024.0 188
188.3112 2912.0 188
188.6353 2812.0 188
188.9813 2780.0 188
189.3713 2732.0 188
189.7009 2668.0 188
190.0415 2584.0 188
190.3711 2512.0 188
190.7172 2460.0 188
191.1072 2372.0 188
191.4368 2244.0 188
191.8268 2152.0 188
192.1674 2128.0 188
192.4969 2116.0 188
192.8430 2100.0 188
193.1671 2088.0 188
193.5132 2060.0 188
193.9032 2034.0 188
194.2493 2014.0 188
194.5734 1966.0 188
194.9030 1912.0 188
195.3094 1872.0 188
195.6390 1824.0 188
195.9686 1780.0 188
196.3696 1750.0 188
196.6992 1716.0 188
197.0288 1682.0 188
197.3749 1652.0 188
197.7649 1618.0 188
198.1055 1586.0 188
198.4351 1558.0 188
198.8251 1532.0 188
199.1711 1506.0 188
199.4952 1484.0 188
199.8248 1458.0 188
200.2313 1430.0 188
200.5609 1408.0 188
200.9015 1390.0 188
201.2311 1376.0 188
201.6211 1364.0 188
201.9672 1354.0 188
202.2968 1344.0 188
202.6208 1338.0 188
202.9669 1324.0 188
203.2965 1296.0 188
203.6865 1260.0 188
204.0271 1234.0 188
204.4171 1218.0 188
204.7632 1204.0 188
205.0928 1192.0 188
205.4169 1174.0 188
205.8234 1158.0 188
206.1530 1144.0 188
206.4825 1130.0 188
206.8231 1118.0 188
207.2186 1106.0 188
207.5427 1094.0 188
207.8888 1084.0 188
208.2184 1072.0 188
208.6249 1064.0 188
208.9490 1054.0 188
209.2786 1042.0 188
209.6246 1032.0 188
210.0146 1022.0 188
210.3387 1010.0 188
210.6848 1002.0 188
211.0144 996.0 188
211.3550 994.0 188
211.6846 994.0 188
212.0306 996.0 188
297.7625 672.0 188
298.1085 672.0 188
298.4326 672.0 188
298.7787 672.0 188
299.1083 672.0 188
299.4489 672.0 188
299.7949 670.0 188
300.1245 670.0 188
300.4651 670.0 188
300.7947 672.0 188
301.1353 670.0 188
301.4648 670.0 188
301.8109 670.0 188
302.1405 672.0 188
302.4811 674.0 188
302.8271 676.0 188
303.1512 678.0 188
303.4973 682.0 188
303.7775 686.0 188
304.1071 688.0 188
304.4531 692.0 188
304.7772 694.0 188
305.1233 698.0 188
305.4529 702.0 188
305.7330 706.0 188
306.0736 708.0 188
306.4032 712.0 188
306.7493 714.0 188
307.0898 720.0 188
307.4194 722.0 188
307.6996 724.0 188
308.0457 730.0 188
308.3698 732.0 188
308.7158 736.0 188
309.0454 738.0 188
309.3860 744.0 188
309.6716 746.0 188
309.9957 750.0 188
310.3418 756.0 188
310.6714 762.0 188
311.0120 766.0 188
311.2921 770.0 188
311.6382 774.0 188
311.9678 778.0 188
312.3083 784.0 188
312.6379 788.0 188
312.9840 792.0 188
313.2642 798.0 188
313.5938 802.0 188
313.9343 806.0 188
314.2639 810.0 188
314.6045 816.0 188
314.8901 820.0 188
315.2142 826.0 188
315.5603 832.0 188
315.9009 836.0 188
316.2305 844.0 188
316.5106 850.0 188
316.8567 858.0 188
317.1863 864.0 188
317.5269 868.0 188
317.8564 874.0 188
318.1366 880.0 188
318.4827 886.0 188
318.8123 892.0 188
319.1528 900.0 188
319.4824 906.0 188
319.7626 912.0 188
320.1086 920.0 188
320.4492 930.0 188
320.7788 938.0 188
321.0590 946.0 188
321.4050 954.0 188
321.7291 960.0 188
322.0752 970.0 188
322.4048 980.0 188
322.6849 986.0 188
323.0310 996.0 188
323.3551 1004.0 188
323.7012 1010.0 188
324.0308 1020.0 188
324.3109 1030.0 188
324.6515 1040.0 188
324.9811 1048.0 188
325.3271 1060.0 188
325.6512 1068.0 188
325.9369 1074.0 188
326.2775 1082.0 188
326.6071 1094.0 188
326.9531 1106.0 188
327.2937 1116.0 188
327.5574 1126.0 188
327.9034 1134.0 188
328.2330 1146.0 188
328.5736 1160.0 188
328.8593 1172.0 188
329.1833 1180.0 188
329.5294 1194.0 188
329.8700 1206.0 188
330.1996 1216.0 188
330.5457 1224.0 188
330.8258 1234.0 188
331.1554 1248.0 188
331.4960 1262.0 188
331.8256 1276.0 188
332.1057 1296.0 188
332.4518 1314.0 188
332.7759 1332.0 188
333.1219 1346.0 188
333.4515 1362.0 188
333.7317 1380.0 188
334.0778 1398.0 188
334.4019 1422.0 188
334.7479 1444.0 188
335.0281 1462.0 188
335.3577 1484.0 188
335.6982 1510.0 188
336.0278 1532.0 188
336.3080 1554.0 188
336.6541 1582.0 188
336.9836 1614.0 188
337.2638 1642.0 188
337.6044 1686.0 188
337.9340 1732.0 188
338.2141 1770.0 188
338.5602 1810.0 188
338.8898 1848.0 188
339.2303 1886.0 188
339.4995 1920.0 188
339.8401 1982.0 188
340.1202 2056.0 188
340.4498 2108.0 188
340.7959 2168.0 188
341.0760 2240.0 188
341.4056 2292.0 188
341.7462 2336.0 188
342.0758 2384.0 188
342.4219 2436.0 188
342.7020 2484.0 188
343.0261 2540.0 188
343.3722 2608.0 188
343.6523 2952.0 188
343.9819 3032.0 188
344.2621 3124.0 188
344.6082 3156.0 188
344.9323 3208.0 188
345.2783 3280.0 188
345.6079 3344.0 188
345.9485 3412.0 188
346.2946 3496.0 188
346.5582 3612.0 188
346.9043 3676.0 188
347.2339 3688.0 188
347.5745 3696.0 188
347.9205 3688.0 188
348.2446 3672.0 188
348.5907 3664.0 188
348.9203 3680.0 188
349.2609 3684.0 188
349.5905 3692.0 188
349.9365 3708.0 188
350.2606 3728.0 188
350.6067 3816.0 188
350.9363 3984.0 188
351.2164 4104.0 188
351.5625 4136.0 188
351.8866 4144.0 188
