#RPLIDAR SCAN DATA
#COUNT=625
#Angule	Distance	Quality
352.0624 4044.0 188
353.2324 7752.0 188
353.5620 7768.0 188
353.9026 7896.0 188
354.2322 7984.0 188
354.5618 7936.0 188
354.9023 7952.0 188
355.2319 8024.0 188
355.5780 8048.0 188
355.9021 8080.0 188
356.2482 8096.0 188
356.5778 8064.0 188
356.9019 8080.0 188
357.2479 8144.0 188
357.8577 8200.0 188
358.5278 10616.0 188
358.8739 10496.0 188
359.1980 10544.0 188
359.8737 10712.0 188
42.0886 12960.0 188
42.7643 13104.0 188
43.0884 13432.0 188
44.1046 13528.0 188
45.1044 13648.0 188
56.5906 10840.0 188
57.2607 10896.0 188
58.2770 10832.0 188
58.6066 10736.0 188
58.9526 10816.0 188
59.3427 7560.0 188
59.6667 7560.0 188
60.0128 7560.0 188
60.3424 7584.0 188
60.6830 7632.0 188
61.0126 7744.0 188
61.3586 7864.0 188
61.6827 7872.0 188
62.0288 7976.0 188
62.3584 8136.0 188
62.6990 8160.0 188
62.9791 8264.0 188
63.3087 8400.0 188
63.6548 8432.0 188
63.9844 8512.0 188
64.3250 8560.0 188
64.9951 8856.0 188
65.3247 8864.0 188
65.6708 8816.0 188
65.9949 8872.0 188
66.3409 8456.0 188
66.6705 8392.0 188
67.0111 8416.0 188
67.3407 8440.0 188
67.6868 8480.0 188
68.0109 8656.0 188
68.3569 8728.0 188
68.6865 8760.0 188
69.0271 8864.0 188
69.3567 8936.0 188
70.3729 11328.0 188
72.3889 9128.0 188
73.0591 9992.0 188
73.3887 9488.0 188
73.7292 8976.0 188
74.0588 9016.0 188
74.4049 9320.0 188
75.0751 9856.0 188
75.4047 9896.0 188
75.7452 9944.0 188
76.0748 9920.0 188
76.4209 9896.0 188
76.7450 9904.0 188
77.4207 9496.0 188
77.7612 9488.0 188
78.0908 9464.0 188
78.4369 9440.0 188
78.7610 9040.0 188
79.1071 9088.0 188
79.4366 9080.0 188
79.7772 9112.0 188
80.1068 9176.0 188
80.4529 9296.0 188
80.7770 9496.0 188
81.4526 10272.0 188
81.7932 10400.0 188
82.4634 10488.0 188
83.1390 10384.0 188
83.4686 10464.0 188
83.8092 10552.0 188
84.1388 10504.0 188
84.4794 10368.0 188
84.8090 10328.0 188
85.1550 10408.0 188
85.4791 10376.0 188
85.8252 10336.0 188
86.1548 10424.0 188
86.4954 10456.0 188
87.4951 10016.0 188
88.5114 10000.0 188
88.8409 9968.0 188
89.1870 9560.0 188
89.5111 9544.0 188
89.8572 9448.0 188
90.1868 9352.0 188
90.5273 9296.0 188
90.8569 9232.0 188
91.2030 9280.0 188
91.5271 9296.0 188
91.8732 9256.0 188
92.2028 9272.0 188
92.5433 9312.0 188
92.9333 7944.0 188
93.6090 7880.0 188
93.9331 7856.0 188
94.2792 7856.0 188
94.6088 7816.0 188
94.9493 7776.0 188
95.2789 7712.0 188
95.6250 7688.0 188
95.9491 7608.0 188
96.2952 7424.0 188
96.6248 7344.0 188
96.9653 7352.0 188
97.2949 7432.0 188
97.6355 7552.0 188
97.9651 7656.0 188
98.3112 7776.0 188
98.6353 7824.0 188
98.9813 7840.0 188
99.3109 7864.0 188
99.6515 7528.0 188
99.9811 7592.0 188
100.3271 7752.0 188
100.6512 7816.0 188
100.9973 7872.0 188
101.2775 10920.0 188
101.6071 10896.0 188
101.9531 10856.0 188
102.2772 10824.0 188
102.6233 10856.0 188
102.9529 10760.0 188
103.2935 10696.0 188
103.6230 10784.0 188
103.9636 11128.0 188
104.2932 11136.0 188
104.6393 10704.0 188
104.9634 10792.0 188
105.3094 10856.0 188
105.6390 10800.0 188
105.9796 10760.0 188
106.3092 10712.0 188
106.6553 10568.0 188
106.9794 10520.0 188
107.3254 10192.0 188
107.6550 10240.0 188
107.9956 10640.0 188
108.3252 10624.0 188
108.6713 10592.0 188
108.9954 10664.0 188
109.3414 10560.0 188
109.6710 10560.0 188
110.0116 10696.0 188
110.3412 10640.0 188
110.6873 10600.0 188
111.0114 10624.0 188
111.3574 10640.0 188
111.6870 10512.0 188
112.0276 10504.0 188
112.3572 10472.0 188
112.6978 10432.0 188
113.3734 10568.0 188
113.7030 10576.0 188
114.0436 10520.0 188
114.3732 10504.0 188
114.7137 10544.0 188
115.0433 10696.0 188
115.3894 10648.0 188
115.7135 10488.0 188
116.0596 10480.0 188
116.3892 10552.0 188
116.7297 10608.0 188
117.0593 10536.0 188
117.4054 10568.0 188
117.7295 10512.0 188
118.0756 10160.0 188
118.4052 9600.0 188
118.7457 9528.0 188
119.0753 9392.0 188
119.7455 9384.0 188
120.0916 9512.0 188
120.4211 9552.0 188
120.7617 9544.0 188
121.4374 9872.0 188
121.7615 9552.0 188
122.1075 9616.0 188
122.4371 9672.0 188
122.7777 9704.0 188
123.1073 9752.0 188
123.4479 9656.0 188
123.7775 9552.0 188
124.1235 9568.0 188
124.4531 9872.0 188
124.7937 9464.0 188
125.1233 9480.0 188
125.4529 9432.0 188
125.7935 9320.0 188
126.1230 9280.0 188
126.4636 9304.0 188
126.7932 9272.0 188
127.1393 9216.0 188
127.4634 9304.0 188
127.8094 8992.0 188
128.1995 7632.0 188
128.5291 7576.0 188
128.8696 7448.0 188
129.1992 7440.0 188
129.5453 7472.0 188
129.8749 7520.0 188
130.2155 7616.0 188
130.5450 7616.0 188
130.8856 7624.0 188
131.2152 7640.0 188
131.5613 7640.0 188
131.8854 7616.0 188
132.2314 7624.0 188
132.5610 7592.0 188
132.9016 7592.0 188
133.2312 7640.0 188
133.5773 7608.0 188
133.9014 7560.0 188
134.2474 7544.0 188
134.5770 7560.0 188
134.9176 7536.0 188
135.2472 7472.0 188
135.5933 7456.0 188
135.9174 7504.0 188
136.2634 7504.0 188
136.5930 7480.0 188
136.9336 7464.0 188
137.2632 7440.0 188
137.6093 7456.0 188
137.9333 7496.0 188
138.2794 7488.0 188
138.6090 7448.0 188
138.9496 7432.0 188
139.2792 7424.0 188
139.6198 7448.0 188
139.9493 7472.0 188
140.2954 7464.0 188
140.6250 7472.0 188
140.9656 7472.0 188
141.2952 7448.0 188
141.6357 7408.0 188
141.9653 7360.0 188
142.3114 7288.0 188
142.6355 7256.0 188
142.9816 6840.0 188
143.3112 6792.0 188
143.6353 6760.0 188
143.9813 6752.0 188
144.3109 6752.0 188
144.6515 6776.0 188
144.9811 6776.0 188
145.3271 6816.0 188
145.6512 6848.0 188
145.9973 6880.0 188
146.3269 6936.0 188
146.6675 6448.0 188
146.9971 6376.0 188
147.3431 6280.0 188
147.6672 6256.0 188
148.0133 6256.0 188
148.3429 6256.0 188
148.6835 6192.0 188
149.0735 6136.0 188
149.3591 6152.0 188
149.7491 6120.0 188
150.0732 6104.0 188
150.4193 6080.0 188
150.7489 6064.0 188
151.0895 6072.0 188
151.4191 6072.0 188
151.7651 6088.0 188
152.0892 6040.0 188
152.4353 5992.0 188
152.7649 5984.0 188
153.0890 5944.0 188
153.4351 5920.0 188
153.7646 5960.0 188
154.1052 5960.0 188
154.4348 5936.0 188
154.7809 5928.0 188
155.1050 5872.0 188
155.4510 5864.0 188
155.7806 5864.0 188
156.1047 5848.0 188
156.4508 5832.0 188
156.7804 5808.0 188
157.1210 5824.0 188
157.4506 5800.0 188
157.7966 5768.0 188
158.1207 5768.0 188
158.4503 5760.0 188
158.7964 5744.0 188
159.1205 5728.0 188
159.4666 5712.0 188
159.7961 5704.0 188
160.1367 5656.0 188
160.4663 5616.0 188
160.8124 5568.0 188
161.1365 5440.0 188
161.4661 5264.0 188
161.8121 5136.0 188
162.1362 5088.0 188
162.4823 5096.0 188
162.8119 5080.0 188
163.1525 5064.0 188
163.4821 5080.0 188
163.8116 5072.0 188
164.1522 5056.0 188
164.4818 5072.0 188
164.8279 5064.0 188
165.1520 5048.0 188
165.4980 5040.0 188
165.8276 5032.0 188
166.1682 5016.0 188
166.4978 5008.0 188
166.8274 5008.0 188
167.1680 4992.0 188
167.4976 4976.0 188
167.8436 4936.0 188
168.2336 4904.0 188
168.5577 4896.0 188
168.9038 4880.0 188
169.2334 4864.0 188
169.5575 4840.0 188
169.9036 4840.0 188
170.2332 4840.0 188
170.5737 4856.0 188
170.9033 4864.0 188
171.2494 4848.0 188
171.5735 4816.0 188
171.9196 4816.0 188
172.2491 4808.0 188
172.5732 4776.0 188
172.9193 4776.0 188
173.2489 4776.0 188
173.5895 4792.0 188
173.9191 4848.0 188
174.2651 4880.0 188
174.5892 4912.0 188
174.8749 5296.0 188
175.1990 5328.0 188
175.5450 5360.0 188
175.8746 5376.0 188
176.2646 4888.0 188
176.6052 4872.0 188
176.9348 4824.0 188
177.3853 3448.0 188
177.7148 3400.0 188
178.0609 3360.0 188
178.3905 3392.0 188
178.7146 3412.0 188
179.0607 3416.0 188
179.3903 3424.0 188
179.7308 3428.0 188
180.0604 3428.0 188
180.4010 3420.0 188
180.7306 3416.0 188
181.0767 3420.0 188
181.4063 3432.0 188
181.7303 3436.0 188
182.0764 3424.0 188
182.4060 3424.0 188
182.7466 3432.0 188
183.0762 3436.0 188
183.4167 3432.0 188
183.7463 3440.0 188
184.0759 3440.0 188
184.4165 3428.0 188
184.7461 3420.0 188
185.0922 3392.0 188
185.4218 3352.0 188
185.7623 3308.0 188
186.0919 3288.0 188
186.4325 3240.0 188
186.7621 3144.0 188
187.1082 3084.0 188
187.4982 3060.0 188
187.8278 3024.0 188
188.1519 2972.0 188
188.4979 2904.0 188
188.8275 2816.0 188
189.2175 2732.0 188
189.5581 2644.0 188
189.8877 2548.0 188
190.2338 2472.0 188
190.6238 2396.0 188
190.9479 2304.0 188
191.3434 2232.0 188
191.6840 2160.0 188
192.0135 2092.0 188
192.3541 2076.0 188
192.6837 2056.0 188
193.0737 2040.0 188
193.4033 2030.0 188
193.7494 2012.0 188
194.0735 1986.0 188
194.4196 1948.0 188
194.7491 1908.0 188
195.1392 1870.0 188
195.4797 1830.0 188
195.8093 1782.0 188
196.1993 1716.0 188
196.5454 1656.0 188
196.9354 1624.0 188
197.2650 1598.0 188
197.6056 1574.0 188
197.9352 1552.0 188
198.3252 1532.0 188
198.6713 1514.0 188
198.9954 1496.0 188
199.3250 1476.0 188
199.6710 1460.0 188
200.0610 1442.0 188
200.3906 1422.0 188
200.7312 1400.0 188
201.0608 1386.0 188
201.4014 1370.0 188
201.7969 1352.0 188
202.1210 1340.0 188
202.4670 1318.0 188
202.8571 1294.0 188
203.1866 1280.0 188
203.5272 1272.0 188
203.8568 1252.0 188
204.2468 1228.0 188
204.5764 1210.0 188
204.9170 1198.0 188
205.2466 1184.0 188
205.6366 1168.0 188
205.9827 1154.0 188
206.3123 1142.0 188
206.6528 1128.0 188
206.9824 1118.0 188
207.3724 1106.0 188
207.7185 1092.0 188
208.0426 1084.0 188
208.3887 1072.0 188
208.7787 1058.0 188
209.1083 1046.0 188
209.4324 1036.0 188
209.8279 1024.0 188
210.1685 1016.0 188
210.4980 1006.0 188
210.8386 998.0 188
211.1682 994.0 188
211.5143 990.0 188
212.5140 992.0 188
297.8394 672.0 188
298.1689 672.0 188
298.5150 672.0 188
298.8391 670.0 188
299.1852 670.0 188
299.5148 672.0 188
299.8553 670.0 188
300.1849 670.0 188
300.5310 670.0 188
300.8716 670.0 188
301.2012 668.0 188
301.5417 670.0 188
301.8713 672.0 188
302.2174 672.0 188
302.5415 674.0 188
302.8876 678.0 188
303.2172 682.0 188
303.4973 684.0 188
303.8434 688.0 188
304.1675 692.0 188
304.5135 694.0 188
304.8431 696.0 188
305.1837 698.0 188
305.5133 702.0 188
305.7935 706.0 188
306.1230 712.0 188
306.4636 714.0 188
306.8097 716.0 188
307.1393 720.0 188
307.4194 724.0 188
307.7490 728.0 188
308.0896 732.0 188
308.4192 736.0 188
308.7653 740.0 188
309.1058 742.0 188
309.3750 746.0 188
309.7156 748.0 188
310.0452 752.0 188
310.3857 760.0 188
310.7153 762.0 188
311.0614 766.0 188
311.3416 772.0 188
311.6711 776.0 188
312.0117 780.0 188
312.3413 784.0 188
312.6874 790.0 188
312.9675 794.0 188
313.2916 800.0 188
313.6377 808.0 188
313.9673 810.0 188
314.3079 814.0 188
314.5935 820.0 188
314.9176 826.0 188
315.2637 830.0 188
315.5933 836.0 188
315.9338 844.0 188
316.2140 848.0 188
316.5436 854.0 188
316.8896 862.0 188
317.2137 868.0 188
317.5598 872.0 188
317.8894 878.0 188
318.1696 884.0 188
318.5156 888.0 188
318.8397 896.0 188
319.1858 902.0 188
319.5154 910.0 188
319.7955 918.0 188
320.1361 926.0 188
320.4657 934.0 188
320.8118 940.0 188
321.0919 948.0 188
321.4215 956.0 188
321.7621 962.0 188
322.0917 972.0 188
322.4323 980.0 188
322.7179 988.0 188
323.0420 996.0 188
323.3881 1002.0 188
323.7177 1010.0 188
324.0582 1018.0 188
324.3384 1026.0 188
324.6680 1034.0 188
325.0140 1044.0 188
325.3436 1058.0 188
325.6842 1068.0 188
325.9644 1072.0 188
326.2939 1080.0 188
326.6400 1092.0 188
326.9641 1102.0 188
327.3102 1112.0 188
327.5903 1120.0 188
327.9199 1130.0 188
328.2605 1140.0 188
328.5901 1150.0 188
328.9362 1162.0 188
329.2603 1166.0 188
329.5459 1174.0 188
329.8865 1186.0 188
330.2161 1202.0 188
330.5621 1216.0 188
330.8423 1232.0 188
331.1719 1248.0 188
331.5125 1260.0 188
331.8420 1270.0 188
332.1826 1290.0 188
332.4683 1308.0 188
332.7924 1322.0 188
333.1384 1342.0 188
333.4680 1364.0 188
333.7482 1384.0 188
334.0887 1406.0 188
334.4183 1422.0 188
334.7644 1432.0 188
335.0281 1456.0 188
335.3741 1492.0 188
335.6982 1518.0 188
335.9839 1542.0 188
336.3245 1574.0 188
336.6541 1614.0 188
336.9342 1646.0 188
337.2803 1670.0 188
337.6044 1692.0 188
337.9504 1722.0 188
338.2306 1770.0 188
338.5602 1818.0 188
338.9063 1856.0 188
339.1864 1898.0 188
339.5105 1930.0 188
339.8566 1960.0 188
340.1862 2010.0 188
340.4663 2108.0 188
340.8124 2192.0 188
341.0925 2240.0 188
341.4166 2296.0 188
341.7627 2340.0 188
342.0923 2380.0 188
342.4329 2432.0 188
342.7185 2484.0 188
343.0426 2548.0 188
343.3887 2712.0 188
343.6688 2892.0 188
343.9984 3008.0 188
344.2786 3088.0 188
344.6246 3140.0 188
344.9487 3200.0 188
345.2783 3300.0 188
345.6244 3400.0 188
345.9485 3472.0 188
346.2341 3524.0 188
346.5582 3544.0 188
346.9043 3632.0 188
347.2339 3708.0 188
347.5745 3724.0 188
347.9041 3736.0 188
348.2336 3732.0 188
348.5742 3704.0 188
348.9038 3692.0 188
349.2499 3672.0 188
349.5740 3636.0 188
349.9200 3648.0 188
350.2496 3700.0 188
350.5737 3828.0 188
350.9198 3940.0 188
351.2494 3964.0 188
351.5900 4008.0 188
