#RPLIDAR SCAN DATA
#COUNT=607
#Angule	Distance	Quality
351.9196 6136.0 188
352.2491 6136.0 188
352.5897 6136.0 188
352.9193 6104.0 188
353.2654 6112.0 188
353.5895 6144.0 188
353.8696 6208.0 188
354.1992 6264.0 188
354.5453 6296.0 188
354.8749 7512.0 188
355.2155 7544.0 188
355.5450 7664.0 188
355.8856 7848.0 188
356.2152 7904.0 188
356.5613 7856.0 188
356.8854 7912.0 188
357.2314 8016.0 188
357.5610 8056.0 188
357.9016 8064.0 188
358.2312 8120.0 188
359.1870 8240.0 188
43.5114 13712.0 188
59.3866 10832.0 188
59.7327 10712.0 188
60.4028 10696.0 188
60.7489 10808.0 188
61.7487 10880.0 188
62.0892 10896.0 188
62.7649 11328.0 188
63.4351 9672.0 188
63.7646 9576.0 188
64.1052 9472.0 188
64.4348 9408.0 188
64.7809 9344.0 188
65.1215 9456.0 188
65.7916 9624.0 188
66.1212 9776.0 188
66.4673 9928.0 188
66.7969 9976.0 188
67.8076 10608.0 188
68.1372 10640.0 188
68.8239 10768.0 188
69.1534 10792.0 188
69.4995 10736.0 188
69.8236 10752.0 188
70.1697 10656.0 188
70.4993 10008.0 188
70.8398 10048.0 188
71.1694 10160.0 188
71.5155 10568.0 188
71.8396 10680.0 188
72.1857 10736.0 188
72.8558 10696.0 188
73.8721 10184.0 188
74.2017 10168.0 188
74.5422 10208.0 188
74.8718 10216.0 188
75.2179 10056.0 188
75.5420 9960.0 188
75.8881 10000.0 188
76.2177 10032.0 188
76.5582 9992.0 188
76.9043 9880.0 188
77.2339 9848.0 188
77.5745 9736.0 188
77.9041 9600.0 188
78.2446 9512.0 188
78.5742 9464.0 188
78.9203 8928.0 188
79.2499 8888.0 188
79.5905 8936.0 188
79.9200 9096.0 188
81.2769 10592.0 188
81.6064 10552.0 188
81.9525 10464.0 188
82.2766 10448.0 188
82.6227 10440.0 188
82.9523 10440.0 188
83.2928 10448.0 188
83.6224 10480.0 188
83.9685 10504.0 188
84.2926 10584.0 188
84.6387 10656.0 188
84.9683 10568.0 188
85.3088 10432.0 188
85.6549 10448.0 188
85.9790 10480.0 188
86.3251 10504.0 188
86.9952 10456.0 188
87.3248 9976.0 188
87.9950 9952.0 188
88.3411 9896.0 188
89.0112 9904.0 188
89.3408 9496.0 188
89.6869 9448.0 188
90.0110 9376.0 188
90.3571 9336.0 188
90.7031 9296.0 188
91.0272 9288.0 188
91.3733 9312.0 188
91.7029 9288.0 188
92.0435 9288.0 188
92.3730 9288.0 188
92.7631 8016.0 188
93.1091 7984.0 188
93.4332 7824.0 188
93.7793 7824.0 188
94.1089 7912.0 188
94.4495 7808.0 188
94.7791 7736.0 188
95.1196 7728.0 188
95.4657 7768.0 188
95.7953 7680.0 188
96.1359 7368.0 188
96.4655 7360.0 188
96.8115 7344.0 188
97.1356 7456.0 188
97.4817 7624.0 188
97.8113 7696.0 188
98.1519 7784.0 188
98.4814 7816.0 188
98.8275 7768.0 188
99.1516 7800.0 188
99.4977 7792.0 188
99.8273 7736.0 188
100.1678 7776.0 188
100.4974 7752.0 188
100.8435 7648.0 188
101.1841 7632.0 188
101.5137 7696.0 188
101.8542 7752.0 188
102.1838 7736.0 188
102.5299 7712.0 188
102.8540 7664.0 188
103.2001 7664.0 188
103.5297 6992.0 188
103.8702 6968.0 188
104.1998 6928.0 188
104.5459 6864.0 188
104.8700 6760.0 188
105.2161 6616.0 188
105.5457 6512.0 188
105.8862 6520.0 188
106.2323 6520.0 188
107.2321 6480.0 188
108.5284 10640.0 188
108.8580 10504.0 188
109.1986 10424.0 188
109.5282 10488.0 188
109.8743 10552.0 188
110.1984 10520.0 188
110.5444 10464.0 188
110.8740 10568.0 188
111.2146 10504.0 188
112.5604 10432.0 188
112.9010 10552.0 188
113.2306 10576.0 188
113.5767 10496.0 188
113.9063 10312.0 188
114.2468 10152.0 188
114.5764 10136.0 188
114.9170 10168.0 188
115.2466 10112.0 188
115.5927 10032.0 188
115.9167 10024.0 188
116.2463 9968.0 188
116.5924 9848.0 188
116.9165 9824.0 188
117.2626 9816.0 188
117.9327 9432.0 188
118.2623 9352.0 188
118.6084 9280.0 188
118.9325 9312.0 188
119.2786 9320.0 188
119.6082 9360.0 188
119.9323 9384.0 188
120.2783 9392.0 188
120.6079 9440.0 188
120.9485 9384.0 188
121.2781 9336.0 188
121.6241 9368.0 188
121.9482 9424.0 188
122.2943 9408.0 188
122.6239 9376.0 188
122.9645 9384.0 188
123.2941 9368.0 188
123.6401 9368.0 188
123.9642 9416.0 188
124.2938 9512.0 188
124.6399 9592.0 188
124.9640 9600.0 188
125.3101 9592.0 188
125.6396 9560.0 188
125.9802 9520.0 188
126.3098 9584.0 188
126.6559 8984.0 188
126.9800 9000.0 188
127.3260 8944.0 188
127.6556 8280.0 188
127.9797 8240.0 188
128.3258 8208.0 188
128.7158 7584.0 188
129.0454 7552.0 188
129.3860 7600.0 188
129.7156 7672.0 188
130.0616 7776.0 188
130.3857 7848.0 188
130.7318 7888.0 188
131.0614 7920.0 188
131.4020 7936.0 188
131.7316 7920.0 188
132.0776 7936.0 188
132.4017 8016.0 188
132.7313 8016.0 188
133.0774 8000.0 188
133.4015 8000.0 188
133.7476 8024.0 188
134.0771 8000.0 188
134.4177 8000.0 188
134.7473 8056.0 188
135.0934 8008.0 188
135.4175 7968.0 188
135.7635 7992.0 188
136.0931 7976.0 188
136.4337 7968.0 188
136.7633 7928.0 188
137.0929 7856.0 188
137.4335 7840.0 188
137.7631 7864.0 188
138.1091 7824.0 188
138.4332 7832.0 188
138.7793 7824.0 188
139.1089 7816.0 188
139.4495 7776.0 188
139.7791 7720.0 188
140.1196 7728.0 188
140.4492 7736.0 188
140.7788 7688.0 188
141.1249 7624.0 188
141.4490 7616.0 188
141.7950 7600.0 188
142.1246 7576.0 188
142.4652 7576.0 188
142.7948 7568.0 188
143.1354 7536.0 188
143.4650 7456.0 188
143.8110 7384.0 188
144.1406 7344.0 188
144.4647 7264.0 188
144.8108 7136.0 188
145.1404 7128.0 188
145.4810 7120.0 188
145.8105 7040.0 188
146.1511 6904.0 188
146.4807 6704.0 188
146.8268 6568.0 188
147.1509 6552.0 188
147.4969 6536.0 188
147.8265 6408.0 188
148.1671 6360.0 188
148.4967 6328.0 188
148.8263 6256.0 188
149.1669 6264.0 188
149.4965 6280.0 188
149.8425 6288.0 188
150.1666 6288.0 188
150.5127 6264.0 188
150.8423 6152.0 188
151.2323 6056.0 188
151.5729 6096.0 188
151.9025 6120.0 188
152.2485 6096.0 188
152.5781 6056.0 188
152.9187 6024.0 188
153.2483 5952.0 188
153.5779 5944.0 188
153.9185 5952.0 188
154.2480 5912.0 188
154.5886 5944.0 188
154.9182 5936.0 188
155.2643 5864.0 188
155.5884 5864.0 188
155.9344 5864.0 188
156.2640 5848.0 188
156.6046 5880.0 188
156.9342 5896.0 188
157.2803 5888.0 188
157.6044 5832.0 188
157.9340 5808.0 188
158.2800 5808.0 188
158.6041 5792.0 188
158.9502 5808.0 188
159.2798 5776.0 188
159.6204 5672.0 188
159.9500 5568.0 188
160.2960 5496.0 188
160.6201 5400.0 188
160.9662 5344.0 188
161.2958 5320.0 188
161.6199 5312.0 188
161.9659 5296.0 188
162.2955 5248.0 188
162.6361 5256.0 188
162.9657 5272.0 188
163.3118 5288.0 188
163.6359 5304.0 188
163.9819 5320.0 188
164.3115 5328.0 188
164.6521 5352.0 188
164.9817 5360.0 188
165.3278 5344.0 188
165.6519 5328.0 188
165.9814 5320.0 188
166.3275 5328.0 188
166.6516 5312.0 188
166.9977 5288.0 188
167.3273 5280.0 188
167.6678 5256.0 188
167.9974 5224.0 188
168.3435 5208.0 188
168.6676 5096.0 188
169.0137 4968.0 188
169.3433 4928.0 188
169.7333 4904.0 188
170.0134 4920.0 188
170.3430 4928.0 188
170.6836 4920.0 188
171.0736 4896.0 188
171.4032 4864.0 188
171.7493 4840.0 188
172.0734 4816.0 188
172.4194 4792.0 188
172.7490 4728.0 188
173.0896 4672.0 188
173.4192 4656.0 188
173.7653 4632.0 188
174.0894 4592.0 188
174.4189 4528.0 188
174.7650 4472.0 188
175.0891 4440.0 188
175.4352 4416.0 188
175.7648 4400.0 188
176.1053 4384.0 188
176.4349 4384.0 188
176.7810 4384.0 188
177.1051 4376.0 188
177.5610 3180.0 188
177.8906 3184.0 188
178.2312 3192.0 188
178.5608 3228.0 188
178.9014 3256.0 188
179.2310 3256.0 188
179.5770 3252.0 188
179.9011 3252.0 188
180.2472 3260.0 188
180.5768 3260.0 188
180.9174 3260.0 188
181.2469 3256.0 188
181.5930 3260.0 188
181.9171 3260.0 188
182.2632 3256.0 188
182.5928 3256.0 188
182.9333 3264.0 188
183.2629 3264.0 188
183.6090 3248.0 188
183.9331 3248.0 188
184.2792 3248.0 188
184.6088 3244.0 188
184.9493 3244.0 188
185.2789 3232.0 188
185.6250 3220.0 188
185.9491 3212.0 188
186.2952 3172.0 188
186.6248 3104.0 188
187.0148 3044.0 188
187.3553 3000.0 188
187.6849 2928.0 188
188.0310 2848.0 188
188.3551 2784.0 188
188.7451 2712.0 188
189.0912 2632.0 188
189.4208 2560.0 188
189.7614 2500.0 188
190.1514 2432.0 188
190.4810 2376.0 188
190.8270 2332.0 188
191.1511 2272.0 188
191.5466 2228.0 188
191.8872 2144.0 188
192.2168 2060.0 188
192.6233 2028.0 188
192.9529 2000.0 188
193.2935 1982.0 188
193.6230 1976.0 188
193.9636 1954.0 188
194.2932 1902.0 188
194.6832 1842.0 188
195.0293 1792.0 188
195.4193 1756.0 188
195.7489 1728.0 188
196.0895 1716.0 188
196.4191 1720.0 188
196.7651 1714.0 188
197.0892 1698.0 188
197.4353 1670.0 188
197.7649 1640.0 188
198.1549 1614.0 188
198.4955 1566.0 188
198.8855 1520.0 188
199.2151 1490.0 188
199.5612 1464.0 188
199.9512 1444.0 188
200.2808 1424.0 188
200.6213 1408.0 188
200.9509 1392.0 188
201.2915 1368.0 188
201.6870 1346.0 188
202.0111 1332.0 188
202.3572 1318.0 188
202.6868 1302.0 188
203.0933 1284.0 188
203.4174 1262.0 188
203.7634 1242.0 188
204.1534 1226.0 188
204.4830 1216.0 188
204.8236 1206.0 188
205.1532 1196.0 188
205.4993 1182.0 188
205.8893 1168.0 188
206.2134 1154.0 188
206.5594 1138.0 188
206.8890 1126.0 188
207.2791 1114.0 188
207.6196 1102.0 188
207.9492 1090.0 188
208.2953 1076.0 188
208.6853 1064.0 188
209.0149 1056.0 188
209.3555 1046.0 188
209.6851 1034.0 188
210.0751 1024.0 188
210.4211 1018.0 188
210.7452 1012.0 188
211.0913 1008.0 188
211.4209 1002.0 188
212.0911 998.0 188
297.6196 672.0 188
297.9492 674.0 188
298.2953 674.0 188
298.6249 674.0 188
298.9655 674.0 188
299.2950 674.0 188
299.6356 674.0 188
299.9652 674.0 188
300.3113 674.0 188
300.6519 674.0 188
300.9814 676.0 188
301.3275 676.0 188
301.6516 676.0 188
301.9977 674.0 188
302.3273 676.0 188
302.6678 680.0 188
302.9974 682.0 188
303.2776 684.0 188
303.6237 688.0 188
303.9478 692.0 188
304.2938 694.0 188
304.6399 696.0 188
304.9640 700.0 188
305.2496 704.0 188
305.5902 706.0 188
305.9198 710.0 188
306.2604 714.0 188
306.5900 718.0 188
306.9360 720.0 188
307.2162 726.0 188
307.5458 730.0 188
307.8864 732.0 188
308.2159 734.0 188
308.5620 738.0 188
308.9026 740.0 188
309.2322 744.0 188
309.5123 748.0 188
309.8584 752.0 188
310.1825 756.0 188
310.5286 760.0 188
310.8582 764.0 188
311.1383 770.0 188
311.4679 774.0 188
311.8085 778.0 188
312.1381 782.0 188
312.4841 790.0 188
312.7643 794.0 188
313.0884 798.0 188
313.4344 802.0 188
313.7640 808.0 188
314.1046 814.0 188
314.4342 818.0 188
314.7144 824.0 188
315.0604 832.0 188
315.3900 836.0 188
315.7141 842.0 188
316.0602 846.0 188
316.3403 852.0 188
316.6699 856.0 188
317.0105 866.0 188
317.3401 872.0 188
317.6862 878.0 188
317.9663 884.0 188
318.2959 890.0 188
318.6365 896.0 188
318.9661 902.0 188
319.3121 910.0 188
319.5758 916.0 188
319.9219 922.0 188
320.2460 928.0 188
320.5920 936.0 188
320.9216 944.0 188
321.2018 950.0 188
321.5424 956.0 188
321.8719 966.0 188
322.2180 974.0 188
322.5421 980.0 188
322.8278 988.0 188
323.1683 996.0 188
323.4979 1002.0 188
323.8385 1010.0 188
324.1681 1016.0 188
324.4482 1026.0 188
324.7778 1032.0 188
325.1239 1036.0 188
325.4480 1040.0 188
325.7941 1046.0 188
326.1237 1056.0 188
326.4642 1062.0 188
326.7938 1068.0 188
327.0740 1072.0 188
327.4200 1078.0 188
327.7496 1088.0 188
328.0902 1098.0 188
328.4198 1106.0 188
328.7604 1110.0 188
329.0295 1120.0 188
329.3701 1138.0 188
329.6997 1164.0 188
329.9799 1182.0 188
330.3259 1194.0 188
330.6555 1210.0 188
330.9961 1224.0 188
331.2762 1240.0 188
331.6058 1258.0 188
331.9519 1276.0 188
332.2760 1292.0 188
332.5616 1310.0 188
332.8857 1334.0 188
333.2318 1358.0 188
333.5120 1376.0 188
333.8416 1386.0 188
334.1821 1404.0 188
334.5117 1432.0 188
334.7919 1460.0 188
335.1379 1484.0 188
335.4675 1512.0 188
335.7477 1538.0 188
336.0773 1552.0 188
336.4178 1570.0 188
336.7474 1600.0 188
337.0276 1646.0 188
337.3737 1680.0 188
337.6978 1708.0 188
338.0438 1742.0 188
338.3240 1774.0 188
338.6536 1808.0 188
338.9996 1836.0 188
339.3237 1860.0 188
339.6094 1896.0 188
339.9335 1940.0 188
340.2795 2000.0 188
340.5597 2076.0 188
340.8893 2172.0 188
341.1694 2244.0 188
341.5155 2288.0 188
341.8396 2336.0 188
342.1857 2372.0 188
342.5153 2404.0 188
342.8558 2448.0 188
343.1360 2536.0 188
343.4656 2692.0 188
343.7457 2804.0 188
344.0918 2852.0 188
344.4214 2924.0 188
344.7620 3004.0 188
345.0916 3052.0 188
345.3717 3108.0 188
345.7178 3180.0 188
346.0419 3244.0 188
346.3275 3580.0 188
346.6681 3696.0 188
346.9977 3888.0 188
347.3438 4032.0 188
347.6074 4196.0 188
348.2776 4344.0 188
350.2496 6048.0 188
350.5737 6056.0 188
350.9198 6128.0 188
351.2000 6176.0 188
351.5295 6152.0 188
