#RPLIDAR SCAN DATA
#COUNT=605
#Angule	Distance	Quality
352.1228 6200.0 188
352.4524 6208.0 188
352.7930 6328.0 188
353.4686 6512.0 188
353.7927 6544.0 188
354.1223 6472.0 188
354.4684 6456.0 188
354.7925 6480.0 188
355.1385 6520.0 188
355.4681 6552.0 188
356.4844 6600.0 188
55.8710 8568.0 188
56.8872 8600.0 188
59.9194 10800.0 188
60.2490 10720.0 188
60.9192 10608.0 188
61.2653 10624.0 188
61.9354 10056.0 188
62.2650 10000.0 188
62.6056 10056.0 188
62.9352 10040.0 188
63.2813 10008.0 188
63.9514 9320.0 188
64.9677 9264.0 188
65.2917 9208.0 188
65.6378 9256.0 188
65.9674 9288.0 188
66.3080 9280.0 188
66.9836 9656.0 188
67.3077 9792.0 188
67.6538 10224.0 188
67.9834 10168.0 188
68.3240 10064.0 188
68.6536 10088.0 188
68.9996 10064.0 188
69.3237 10128.0 188
69.6698 10176.0 188
70.0104 10008.0 188
70.3400 9944.0 188
71.0156 9920.0 188
71.3562 10288.0 188
71.6858 10328.0 188
72.0264 10288.0 188
72.3560 10328.0 188
72.7020 10480.0 188
73.0261 10504.0 188
73.3722 10360.0 188
73.7018 10280.0 188
74.0424 10248.0 188
74.3719 10248.0 188
74.7180 10184.0 188
75.0586 9984.0 188
75.3882 10016.0 188
75.7343 9976.0 188
76.0583 9920.0 188
76.4044 9928.0 188
77.0746 9784.0 188
80.1068 9272.0 188
81.1066 10720.0 188
81.4526 10672.0 188
81.7767 10624.0 188
82.1228 10640.0 188
82.4524 10632.0 188
82.7930 10608.0 188
83.1226 10584.0 188
83.8092 10496.0 188
84.1388 10408.0 188
84.4794 10384.0 188
84.8090 10400.0 188
85.1550 10424.0 188
85.4791 10368.0 188
85.8252 10344.0 188
86.1548 10360.0 188
86.4954 10328.0 188
87.1710 10336.0 188
88.1873 9960.0 188
88.5114 9960.0 188
88.8574 9920.0 188
89.1870 9776.0 188
89.5276 9408.0 188
89.8572 9320.0 188
90.1978 9248.0 188
90.5273 9296.0 188
90.8734 9328.0 188
91.2030 9344.0 188
91.5436 9360.0 188
91.8732 9368.0 188
92.2137 9352.0 188
92.5598 9296.0 188
92.9498 8072.0 188
93.2794 7768.0 188
93.6200 7856.0 188
93.9496 7856.0 188
94.2957 7792.0 188
94.6198 7752.0 188
94.9658 7704.0 188
95.2954 7736.0 188
95.6360 7816.0 188
95.9821 7480.0 188
96.3116 7336.0 188
96.6522 7192.0 188
96.9818 7568.0 188
97.3279 7656.0 188
97.6520 7768.0 188
97.9980 7760.0 188
98.3276 7760.0 188
98.6682 7864.0 188
98.9978 7904.0 188
99.3384 7888.0 188
99.6844 7776.0 188
100.0140 7696.0 188
100.3546 8080.0 188
100.6842 7944.0 188
101.0303 7792.0 188
101.3544 7808.0 188
101.7004 7736.0 188
102.0300 7584.0 188
102.3706 7432.0 188
102.7002 7040.0 188
103.0463 7016.0 188
103.3704 6976.0 188
103.7164 6936.0 188
104.0625 6928.0 188
104.3866 6952.0 188
104.7327 6952.0 188
105.0623 6960.0 188
105.4028 6952.0 188
105.7324 6824.0 188
106.0730 6728.0 188
106.4026 6624.0 188
106.7487 6520.0 188
107.0728 6536.0 188
107.4188 6608.0 188
107.6990 10272.0 188
108.0286 10264.0 188
108.3746 10272.0 188
108.7152 10272.0 188
109.0448 10248.0 188
109.3854 10208.0 188
109.7150 10264.0 188
110.3906 10224.0 188
110.7312 10272.0 188
111.0608 10408.0 188
111.4014 10296.0 188
111.7310 10336.0 188
112.0770 10336.0 188
112.4011 10232.0 188
112.7472 10344.0 188
113.0768 10320.0 188
113.4174 10128.0 188
113.7469 10096.0 188
114.0930 10128.0 188
114.4171 10200.0 188
114.7632 10264.0 188
115.0928 10232.0 188
115.4333 10120.0 188
115.7629 10032.0 188
116.0925 9976.0 188
116.4331 9912.0 188
116.7627 9864.0 188
117.1088 9896.0 188
117.4329 9856.0 188
117.7789 9912.0 188
118.1085 9376.0 188
118.4491 9400.0 188
118.7787 9432.0 188
119.1248 9440.0 188
119.4489 9408.0 188
119.7949 9376.0 188
120.1245 9392.0 188
120.4651 9352.0 188
120.7947 9312.0 188
121.1353 9456.0 188
121.4648 9432.0 188
121.8109 9328.0 188
122.1405 9400.0 188
122.4811 9376.0 188
122.8107 9312.0 188
123.1512 9296.0 188
123.4808 9328.0 188
123.8269 9384.0 188
124.1510 9320.0 188
124.4971 9224.0 188
124.8267 9192.0 188
125.1672 9160.0 188
125.4968 9192.0 188
125.8429 8792.0 188
126.1670 8696.0 188
126.5131 8280.0 188
126.9031 7960.0 188
127.2327 7920.0 188
127.5732 7808.0 188
127.9028 7736.0 188
128.2489 7712.0 188
128.5730 7688.0 188
128.9191 7688.0 188
129.2487 7648.0 188
129.5892 7600.0 188
129.9188 7672.0 188
130.2649 7672.0 188
130.5890 7616.0 188
130.9351 7688.0 188
131.2646 7752.0 188
131.6052 7728.0 188
131.9348 7760.0 188
132.2809 7824.0 188
132.6050 7800.0 188
132.9510 7840.0 188
133.2806 7880.0 188
133.6212 7744.0 188
133.9508 7440.0 188
134.2804 7448.0 188
134.6210 7472.0 188
134.9506 7496.0 188
135.2966 7488.0 188
135.6207 7496.0 188
135.9668 7480.0 188
136.2964 7400.0 188
136.6370 7344.0 188
136.9666 7304.0 188
137.3071 7288.0 188
137.6367 7304.0 188
137.9828 7248.0 188
138.3124 7224.0 188
138.6530 7272.0 188
138.9825 7216.0 188
139.3231 7080.0 188
139.6527 7048.0 188
139.9988 7064.0 188
140.3229 7000.0 188
140.6689 6904.0 188
140.9985 6792.0 188
141.3391 6736.0 188
141.6687 6720.0 188
142.0148 6688.0 188
142.3389 6624.0 188
142.6849 6552.0 188
143.0145 6520.0 188
143.3551 6496.0 188
143.6847 6488.0 188
144.0308 6488.0 188
144.3549 6424.0 188
144.6844 6416.0 188
145.0305 6432.0 188
145.3546 6368.0 188
145.7007 6336.0 188
146.0907 6016.0 188
146.4203 5992.0 188
146.7609 5992.0 188
147.0905 6000.0 188
147.4365 5984.0 188
147.7606 5960.0 188
148.1067 5960.0 188
148.4363 5952.0 188
148.7769 5936.0 188
149.1064 5920.0 188
149.4525 5888.0 188
149.7766 5904.0 188
150.1227 5896.0 188
150.4523 5880.0 188
150.7928 5872.0 188
151.1224 5856.0 188
151.4520 5880.0 188
151.7926 5872.0 188
152.1222 5840.0 188
152.4683 5808.0 188
152.7924 5768.0 188
153.1384 5768.0 188
153.4680 5728.0 188
153.8086 5656.0 188
154.1382 5616.0 188
154.4843 5576.0 188
154.8083 5544.0 188
155.1544 5512.0 188
155.4840 5520.0 188
155.8246 5528.0 188
156.1542 5536.0 188
156.4838 5552.0 188
156.8243 5520.0 188
157.1539 5528.0 188
157.5000 5544.0 188
157.8241 5536.0 188
158.1702 5488.0 188
158.4998 5432.0 188
158.8403 5400.0 188
159.1699 5328.0 188
159.5105 5288.0 188
159.8401 5272.0 188
160.1862 5272.0 188
160.5103 5224.0 188
160.8563 5152.0 188
161.1859 5104.0 188
161.5265 5056.0 188
161.8561 5024.0 188
162.1857 5016.0 188
162.5262 5032.0 188
162.8558 5040.0 188
163.2019 5024.0 188
163.5260 5000.0 188
163.8721 4992.0 188
164.2017 4992.0 188
164.5422 4968.0 188
164.8718 4952.0 188
165.2179 4960.0 188
165.5420 4936.0 188
165.9375 4904.0 188
166.2781 4896.0 188
166.6077 4880.0 188
166.9482 4872.0 188
167.2778 4848.0 188
167.6239 4848.0 188
167.9480 4832.0 188
168.2776 4800.0 188
168.6237 4792.0 188
168.9478 4800.0 188
169.2938 4800.0 188
169.6234 4792.0 188
169.9640 4776.0 188
170.2936 4752.0 188
170.6396 4728.0 188
170.9637 4680.0 188
171.3098 4616.0 188
171.6394 4544.0 188
171.9800 4480.0 188
172.3096 4432.0 188
172.6556 4376.0 188
172.9797 4296.0 188
173.3093 4224.0 188
173.6554 4208.0 188
173.9795 4184.0 188
174.3256 4160.0 188
174.6552 4136.0 188
174.9957 4128.0 188
175.3253 4128.0 188
175.6714 4136.0 188
175.9955 4144.0 188
176.3416 4144.0 188
176.6711 4144.0 188
177.0117 4136.0 188
177.3413 4120.0 188
177.7313 4088.0 188
178.0774 4076.0 188
178.4015 4072.0 188
178.7476 4048.0 188
179.0771 3996.0 188
179.4177 3908.0 188
179.7473 3816.0 188
180.0934 3772.0 188
180.4175 3768.0 188
180.7635 3756.0 188
181.0931 3720.0 188
181.4337 3712.0 188
181.7633 3700.0 188
182.1094 3676.0 188
182.4335 3652.0 188
182.7631 3616.0 188
183.1091 3552.0 188
183.4991 3452.0 188
183.8232 3340.0 188
184.1693 3252.0 188
184.4989 3192.0 188
184.8395 3132.0 188
185.1691 3076.0 188
185.5591 3040.0 188
185.9052 3008.0 188
186.2292 2984.0 188
186.5753 2968.0 188
186.9049 2856.0 188
187.2949 2720.0 188
187.6355 2664.0 188
187.9651 2624.0 188
188.3112 2580.0 188
188.6353 2544.0 188
188.9813 2512.0 188
189.3109 2480.0 188
189.7009 2432.0 188
190.0415 2396.0 188
190.3711 2372.0 188
190.7172 2316.0 188
191.0468 2268.0 188
191.3873 2248.0 188
191.7773 2192.0 188
192.1069 2144.0 188
192.4530 2132.0 188
192.7771 2088.0 188
193.1671 2012.0 188
193.5132 1948.0 188
193.8428 1902.0 188
194.2328 1860.0 188
194.5734 1836.0 188
194.9030 1798.0 188
195.2490 1766.0 188
195.6390 1734.0 188
195.9686 1710.0 188
196.3092 1692.0 188
196.6388 1672.0 188
196.9794 1656.0 188
197.3749 1630.0 188
197.6990 1608.0 188
198.0450 1586.0 188
198.3746 1564.0 188
198.7646 1536.0 188
199.1052 1494.0 188
199.4348 1472.0 188
199.7809 1460.0 188
200.1709 1440.0 188
200.4950 1420.0 188
200.8411 1400.0 188
201.1707 1380.0 188
201.5607 1360.0 188
201.9012 1342.0 188
202.2308 1328.0 188
202.5769 1310.0 188
202.9669 1294.0 188
203.2965 1276.0 188
203.6371 1262.0 188
203.9667 1246.0 188
204.3073 1232.0 188
204.7028 1218.0 188
205.0269 1206.0 188
205.3729 1192.0 188
205.7025 1178.0 188
206.0925 1164.0 188
206.4331 1152.0 188
206.7627 1140.0 188
207.1088 1132.0 188
207.4329 1120.0 188
207.8229 1106.0 188
208.1689 1092.0 188
208.4985 1082.0 188
208.8885 1068.0 188
209.2291 1054.0 188
209.5587 1042.0 188
209.9048 1034.0 188
210.2344 1026.0 188
210.6244 1020.0 188
210.9650 1014.0 188
211.2946 1008.0 188
211.6406 1004.0 188
212.3108 1002.0 188
297.7020 678.0 188
298.0261 678.0 188
298.3722 678.0 188
298.7018 678.0 188
299.0424 676.0 188
299.3719 678.0 188
299.7180 678.0 188
300.0421 678.0 188
300.3882 678.0 188
300.7178 678.0 188
301.0583 676.0 188
301.3879 676.0 188
301.7340 676.0 188
302.0581 676.0 188
302.4042 676.0 188
302.7338 678.0 188
303.0743 680.0 188
303.3545 684.0 188
303.6841 688.0 188
304.0302 692.0 188
304.3542 694.0 188
304.7003 698.0 188
305.0299 702.0 188
305.3101 706.0 188
305.6561 710.0 188
305.9802 714.0 188
306.3263 716.0 188
306.6559 720.0 188
306.9965 722.0 188
307.2766 726.0 188
307.6062 730.0 188
307.9523 732.0 188
308.2764 736.0 188
308.6224 742.0 188
308.9520 744.0 188
309.2322 746.0 188
309.5618 748.0 188
309.9023 754.0 188
310.2319 758.0 188
310.5780 764.0 188
310.9021 768.0 188
311.1823 772.0 188
311.5283 776.0 188
311.8579 782.0 188
312.1985 786.0 188
312.5281 792.0 188
312.8082 798.0 188
313.1543 802.0 188
313.4839 808.0 188
313.8245 812.0 188
314.1541 818.0 188
314.4342 822.0 188
314.7803 830.0 188
315.1044 836.0 188
315.4504 838.0 188
315.7800 842.0 188
316.0602 848.0 188
316.3898 854.0 188
316.7303 864.0 188
317.0599 870.0 188
317.4060 872.0 188
317.7301 878.0 188
318.0103 886.0 188
318.3563 892.0 188
318.6859 898.0 188
319.0265 904.0 188
319.3561 908.0 188
319.6362 912.0 188
319.9823 920.0 188
320.3119 928.0 188
320.6525 934.0 188
320.9821 940.0 188
321.2622 946.0 188
321.5918 954.0 188
321.9324 962.0 188
322.2620 968.0 188
322.6080 970.0 188
322.9321 974.0 188
323.2782 980.0 188
323.5583 986.0 188
323.8879 988.0 188
324.2340 994.0 188
324.5581 998.0 188
324.9042 1004.0 188
325.2338 1012.0 188
325.5743 1020.0 188
325.8545 1028.0 188
326.1841 1034.0 188
326.5302 1042.0 188
326.8542 1052.0 188
327.2003 1060.0 188
327.5299 1068.0 188
327.8101 1082.0 188
328.1561 1094.0 188
328.4802 1104.0 188
328.8263 1116.0 188
329.0900 1134.0 188
329.4360 1148.0 188
329.7656 1166.0 188
330.0458 1192.0 188
330.3864 1212.0 188
330.7159 1228.0 188
330.9961 1240.0 188
331.3422 1250.0 188
331.6718 1264.0 188
332.0123 1280.0 188
332.2925 1300.0 188
332.6221 1320.0 188
332.9681 1336.0 188
333.2922 1360.0 188
333.5779 1380.0 188
333.9020 1400.0 188
334.2480 1420.0 188
334.5776 1444.0 188
334.8578 1476.0 188
335.1984 1500.0 188
335.5280 1516.0 188
335.8740 1536.0 188
336.1542 1566.0 188
336.4838 1600.0 188
336.8243 1628.0 188
337.1045 1654.0 188
337.4341 1676.0 188
337.7802 1712.0 188
338.1042 1746.0 188
338.3899 1770.0 188
338.7140 1802.0 188
339.0601 1830.0 188
339.3896 1866.0 188
339.6698 1914.0 188
340.0104 1960.0 188
340.3400 2012.0 188
340.6201 2100.0 188
340.9662 2164.0 188
341.2958 2200.0 188
341.5759 2244.0 188
341.9165 2288.0 188
342.2461 2336.0 188
342.5922 2372.0 188
342.9218 2416.0 188
343.2019 2472.0 188
343.5425 2536.0 188
343.8721 2596.0 188
344.2017 2668.0 188
344.4818 2748.0 188
344.8279 2808.0 188
345.1520 2860.0 188
345.4980 2936.0 188
345.7782 3312.0 188
346.1078 3408.0 188
346.3879 3532.0 188
346.7340 3596.0 188
347.0581 3688.0 188
347.4042 3784.0 188
347.7338 3928.0 188
348.0139 4344.0 188
348.3545 4392.0 188
348.6841 4536.0 188
349.0137 4656.0 188
349.3542 4768.0 188
349.6838 4720.0 188
350.0299 4536.0 188
350.3540 4488.0 188
351.3702 4488.0 188
351.6559 5976.0 188
