#RPLIDAR SCAN DATA
#COUNT=619
#Angule	Distance	Quality
352.4963 6008.0 188
352.8259 6024.0 188
353.1665 6016.0 188
353.8422 6016.0 188
354.7925 6736.0 188
355.1221 6656.0 188
355.7922 7056.0 188
356.1218 6976.0 188
356.4679 6952.0 188
356.7920 6984.0 188
357.1381 6968.0 188
357.8082 6992.0 188
54.1406 9480.0 188
54.4812 8736.0 188
54.8273 8712.0 188
55.1514 8600.0 188
55.4974 8544.0 188
55.8270 8528.0 188
56.1676 8576.0 188
56.4972 8728.0 188
56.8433 8864.0 188
57.1838 8912.0 188
57.5134 9040.0 188
57.8540 9672.0 188
58.1836 9640.0 188
58.5297 9760.0 188
58.8593 9928.0 188
59.1998 10072.0 188
59.5459 10624.0 188
59.8700 10552.0 188
60.2161 10568.0 188
60.5457 10528.0 188
60.8862 10200.0 188
61.2158 10248.0 188
61.5619 8920.0 188
61.9025 8928.0 188
62.2321 8840.0 188
62.5781 8656.0 188
62.9022 8608.0 188
63.2483 8728.0 188
63.5779 8872.0 188
63.9185 8872.0 188
64.2645 8872.0 188
64.5886 8936.0 188
65.2643 8984.0 188
67.6208 9136.0 188
67.9669 9112.0 188
68.2965 9032.0 188
68.6371 9072.0 188
69.3073 9552.0 188
69.6533 9536.0 188
70.3235 9848.0 188
70.6531 9848.0 188
70.9991 9832.0 188
71.3397 9848.0 188
71.6693 9816.0 188
72.0154 9792.0 188
72.3395 9872.0 188
74.3719 10368.0 188
75.3717 10320.0 188
75.7178 10304.0 188
76.0583 10448.0 188
76.3879 10520.0 188
78.0743 10520.0 188
78.4204 10576.0 188
78.7500 10584.0 188
79.4202 10576.0 188
80.7770 10624.0 188
81.1066 10696.0 188
81.4526 10616.0 188
81.7767 10576.0 188
82.1228 10536.0 188
82.4524 10520.0 188
82.7930 10528.0 188
83.4686 10536.0 188
83.8092 10576.0 188
84.1388 10408.0 188
84.4794 10336.0 188
84.8090 10320.0 188
85.1550 10304.0 188
85.4956 10424.0 188
85.8252 10400.0 188
86.1713 10400.0 188
86.4954 10504.0 188
86.8414 10360.0 188
87.5116 9560.0 188
87.8412 9992.0 188
88.1873 9952.0 188
88.5114 9880.0 188
88.8409 9552.0 188
89.1870 9544.0 188
89.5111 9200.0 188
89.8572 9192.0 188
90.1868 9224.0 188
90.5273 9184.0 188
90.8569 9168.0 188
91.2030 9272.0 188
91.5271 9360.0 188
91.8732 9384.0 188
92.2028 9272.0 188
92.5433 9312.0 188
92.9333 8048.0 188
93.2629 7944.0 188
93.6090 7800.0 188
93.9331 7792.0 188
94.2792 7800.0 188
94.6088 7784.0 188
94.9493 7792.0 188
95.2789 7800.0 188
95.6250 7856.0 188
95.9491 7896.0 188
96.2952 7336.0 188
96.6248 7264.0 188
96.9653 7736.0 188
97.2949 7776.0 188
97.6355 7760.0 188
97.9651 7752.0 188
98.2947 7792.0 188
98.6353 7792.0 188
98.9648 7800.0 188
99.3109 7848.0 188
99.6405 7872.0 188
99.9811 7920.0 188
100.3107 7968.0 188
100.6512 7920.0 188
100.9808 7952.0 188
101.3269 7936.0 188
101.6510 7824.0 188
101.9971 7792.0 188
102.3267 7680.0 188
102.6672 7504.0 188
102.9968 7136.0 188
103.3429 7128.0 188
103.6670 7128.0 188
104.0131 7112.0 188
104.3427 7088.0 188
104.6832 7008.0 188
105.0128 6912.0 188
105.3589 6768.0 188
105.6830 6680.0 188
106.0126 6712.0 188
106.3586 6672.0 188
106.6827 6704.0 188
107.0288 7080.0 188
107.3584 7024.0 188
107.6990 7328.0 188
107.9791 10096.0 188
108.3087 10160.0 188
108.6548 10240.0 188
108.9844 10232.0 188
109.3250 10232.0 188
109.6545 10288.0 188
109.9951 10296.0 188
110.3247 10216.0 188
110.6708 10240.0 188
110.9949 10248.0 188
111.3409 10088.0 188
111.6705 9984.0 188
111.9946 10040.0 188
112.3407 10080.0 188
112.6703 10088.0 188
113.0109 10136.0 188
113.3405 10168.0 188
113.6865 10176.0 188
114.0106 10112.0 188
114.3567 10040.0 188
114.6863 9944.0 188
115.0269 9912.0 188
115.3564 9920.0 188
115.7025 9912.0 188
116.0266 9944.0 188
116.3727 9920.0 188
116.7023 9896.0 188
117.0428 9776.0 188
117.3724 9552.0 188
117.7185 9384.0 188
118.0426 9296.0 188
118.3887 9232.0 188
118.7183 9280.0 188
119.0588 9384.0 188
119.3884 9360.0 188
119.7290 9272.0 188
120.0586 9208.0 188
120.4047 9112.0 188
120.7343 9040.0 188
121.0583 9128.0 188
121.4044 9224.0 188
121.7340 9224.0 188
122.0746 9176.0 188
122.4042 9064.0 188
122.7448 9008.0 188
123.0743 9072.0 188
123.4204 9032.0 188
123.7500 8992.0 188
124.0906 8960.0 188
124.4806 7392.0 188
124.8102 7352.0 188
125.1563 7288.0 188
125.4803 7256.0 188
125.8264 7176.0 188
126.1560 7144.0 188
126.4966 7136.0 188
126.8262 7120.0 188
127.1667 7112.0 188
127.4963 7128.0 188
127.8424 7128.0 188
128.1665 7152.0 188
128.5126 7192.0 188
128.8422 7152.0 188
129.1827 7144.0 188
129.5123 7120.0 188
129.8584 7080.0 188
130.1825 7144.0 188
130.5121 7184.0 188
130.8582 7120.0 188
131.1823 7088.0 188
131.5283 7056.0 188
131.8579 7056.0 188
132.1985 7088.0 188
132.5281 7096.0 188
132.8741 7080.0 188
133.1982 7032.0 188
133.5443 7008.0 188
133.8739 7048.0 188
134.2145 7088.0 188
134.5441 7072.0 188
134.8901 7040.0 188
135.2142 7016.0 188
135.5603 6984.0 188
135.8899 6968.0 188
136.2305 6984.0 188
136.5601 6960.0 188
136.9061 6920.0 188
137.2302 6872.0 188
137.5763 6840.0 188
137.9059 6848.0 188
138.2300 6848.0 188
138.5760 6840.0 188
138.9056 6800.0 188
139.2462 6744.0 188
139.5758 6696.0 188
139.9219 6576.0 188
140.2460 6520.0 188
140.5920 6464.0 188
140.9216 6400.0 188
141.2622 6376.0 188
141.5918 6384.0 188
141.9324 6392.0 188
142.2620 6392.0 188
142.6080 6368.0 188
142.9321 6352.0 188
143.2782 6344.0 188
143.6078 6288.0 188
143.9484 6224.0 188
144.3384 5800.0 188
144.6680 5752.0 188
145.0140 5664.0 188
145.3436 5576.0 188
145.6842 5504.0 188
146.0138 5504.0 188
146.3544 5496.0 188
146.6840 5456.0 188
147.0135 5440.0 188
147.3541 5448.0 188
147.6837 5416.0 188
148.0298 5408.0 188
148.3594 5416.0 188
148.7000 5384.0 188
149.0295 5384.0 188
149.3701 5424.0 188
149.6997 5408.0 188
150.0458 5360.0 188
150.3699 5352.0 188
150.7159 5352.0 188
151.0455 5344.0 188
151.3861 5320.0 188
151.7157 5312.0 188
152.0618 5336.0 188
152.3859 5368.0 188
152.7319 5368.0 188
153.0615 5344.0 188
153.4021 5336.0 188
153.7317 5312.0 188
154.0778 5296.0 188
154.4019 5304.0 188
154.7479 5312.0 188
155.0775 5288.0 188
155.4181 5256.0 188
155.7477 5264.0 188
156.0773 5256.0 188
156.4178 5248.0 188
156.7474 5264.0 188
157.0935 5264.0 188
157.4176 5232.0 188
157.7637 5192.0 188
158.0933 5192.0 188
158.4338 5192.0 188
158.7634 5176.0 188
159.1040 5152.0 188
159.4336 5112.0 188
159.7797 5008.0 188
160.1093 4920.0 188
160.4993 4848.0 188
160.8398 4800.0 188
161.1694 4792.0 188
161.5155 4792.0 188
161.8396 4800.0 188
162.1857 4784.0 188
162.5153 4776.0 188
162.8558 4768.0 188
163.1854 4760.0 188
163.5260 4744.0 188
163.8556 4600.0 188
164.2017 4280.0 188
164.5313 4288.0 188
164.8553 4288.0 188
165.2014 4288.0 188
165.5310 4320.0 188
165.8716 4328.0 188
166.2012 4320.0 188
166.5417 4336.0 188
166.8713 4352.0 188
167.2174 4368.0 188
167.5415 4384.0 188
167.8876 4400.0 188
168.2172 4400.0 188
168.5577 4400.0 188
168.8873 4416.0 188
169.2334 4416.0 188
169.5575 4408.0 188
169.9036 4392.0 188
170.2332 4368.0 188
170.5737 4360.0 188
170.9033 4344.0 188
171.2494 4320.0 188
171.5735 4304.0 188
171.9196 4280.0 188
172.2491 4256.0 188
172.5732 4256.0 188
172.9193 4208.0 188
173.2489 4168.0 188
173.5895 4216.0 188
173.9191 4240.0 188
174.2651 4216.0 188
174.5892 4184.0 188
174.9353 4152.0 188
175.3253 4096.0 188
175.6549 4008.0 188
175.9955 3940.0 188
176.3251 3880.0 188
176.6711 3824.0 188
176.9952 3784.0 188
177.3413 3768.0 188
177.6709 3756.0 188
178.0115 3732.0 188
178.3411 3716.0 188
178.6871 3708.0 188
179.0112 3688.0 188
179.3573 3676.0 188
179.6869 3672.0 188
180.0275 3664.0 188
180.3571 3660.0 188
180.7031 3644.0 188
181.0272 3604.0 188
181.3733 3556.0 188
181.7633 3504.0 188
182.0929 3476.0 188
182.4335 3472.0 188
182.7631 3468.0 188
183.1091 3432.0 188
183.4332 3360.0 188
183.7793 3292.0 188
184.1089 3196.0 188
184.4330 3100.0 188
184.8395 3036.0 188
185.1691 2984.0 188
185.4987 2944.0 188
185.8392 2896.0 188
186.1688 2828.0 188
186.5149 2748.0 188
186.9049 2672.0 188
187.2290 2620.0 188
187.5751 2580.0 188
187.9047 2524.0 188
188.2452 2484.0 188
188.6353 2420.0 188
188.9648 2344.0 188
189.3109 2300.0 188
189.6405 2276.0 188
189.9811 2256.0 188
190.3107 2236.0 188
190.7007 2212.0 188
191.0468 2188.0 188
191.3708 2176.0 188
191.7169 2152.0 188
192.0465 2128.0 188
192.3871 2100.0 188
192.7167 2076.0 188
193.1067 2044.0 188
193.4528 2008.0 188
193.7769 1944.0 188
194.1669 1872.0 188
194.5129 1834.0 188
194.8425 1798.0 188
195.1831 1778.0 188
195.5731 1756.0 188
195.9027 1724.0 188
196.2488 1704.0 188
196.5729 1684.0 188
196.9189 1658.0 188
197.3090 1636.0 188
197.6385 1614.0 188
197.9791 1588.0 188
198.3087 1564.0 188
198.6548 1540.0 188
199.0448 1516.0 188
199.3744 1492.0 188
199.7150 1470.0 188
200.0446 1450.0 188
200.4346 1424.0 188
200.7806 1400.0 188
201.1047 1382.0 188
201.4948 1366.0 188
201.8408 1350.0 188
202.1704 1332.0 188
202.5110 1314.0 188
202.8406 1298.0 188
203.2306 1282.0 188
203.5767 1264.0 188
203.9063 1240.0 188
204.2963 1216.0 188
204.6368 1204.0 188
204.9664 1192.0 188
205.3125 1180.0 188
205.7025 1168.0 188
206.0266 1158.0 188
206.3727 1152.0 188
206.7023 1146.0 188
207.0428 1134.0 188
207.3724 1122.0 188
207.7625 1114.0 188
208.1085 1108.0 188
208.4326 1104.0 188
208.7787 1100.0 188
209.1083 1088.0 188
209.4983 1068.0 188
209.8389 1054.0 188
210.1685 1044.0 188
210.5145 1034.0 188
210.8386 1030.0 188
211.2341 1022.0 188
211.5747 1010.0 188
212.5745 1006.0 188
297.7295 676.0 188
298.0756 676.0 188
298.4052 676.0 188
298.7457 676.0 188
299.0753 674.0 188
299.4214 674.0 188
299.7455 674.0 188
300.0916 676.0 188
300.4321 676.0 188
300.7617 676.0 188
301.1078 676.0 188
301.4374 678.0 188
301.7780 678.0 188
302.1240 678.0 188
302.4481 678.0 188
302.7942 680.0 188
303.0743 684.0 188
303.4039 686.0 188
303.7500 688.0 188
304.0741 690.0 188
304.4202 694.0 188
304.7498 696.0 188
305.0903 700.0 188
305.3705 704.0 188
305.7166 708.0 188
306.0461 712.0 188
306.3867 714.0 188
306.7163 718.0 188
307.0624 722.0 188
307.3425 726.0 188
307.6666 730.0 188
308.0127 732.0 188
308.3588 734.0 188
308.6829 738.0 188
309.0289 744.0 188
309.3091 748.0 188
309.6387 752.0 188
309.9792 756.0 188
310.3088 760.0 188
310.6549 762.0 188
310.9955 766.0 188
311.2811 770.0 188
311.6052 774.0 188
311.9513 778.0 188
312.2809 784.0 188
312.6215 788.0 188
312.9016 794.0 188
313.2477 800.0 188
313.5773 806.0 188
313.9178 810.0 188
314.2474 818.0 188
314.5276 822.0 188
314.8737 824.0 188
315.1978 830.0 188
315.5438 838.0 188
315.8734 846.0 188
316.1536 852.0 188
316.4996 856.0 188
316.8237 862.0 188
317.1698 866.0 188
317.4994 874.0 188
317.7795 880.0 188
318.1201 884.0 188
318.4497 890.0 188
318.7958 896.0 188
319.1199 900.0 188
319.4659 908.0 188
319.7461 914.0 188
320.0922 922.0 188
320.4218 926.0 188
320.7623 932.0 188
321.0919 938.0 188
321.4325 942.0 188
321.7181 946.0 188
322.0422 952.0 188
322.3883 958.0 188
322.7179 964.0 188
323.0585 970.0 188
323.3881 974.0 188
323.7341 980.0 188
324.0143 988.0 188
324.3384 992.0 188
324.6844 994.0 188
325.0140 998.0 188
325.3546 1006.0 188
325.7007 1014.0 188
326.0303 1018.0 188
326.3104 1026.0 188
326.6510 1034.0 188
326.9806 1042.0 188
327.3267 1054.0 188
327.6563 1064.0 188
327.9364 1080.0 188
328.2770 1104.0 188
328.5571 1118.0 188
328.8867 1128.0 188
329.2328 1138.0 188
329.5624 1152.0 188
329.8425 1174.0 188
330.1831 1200.0 188
330.5127 1218.0 188
330.7928 1232.0 188
331.1389 1248.0 188
331.4685 1262.0 188
331.8091 1278.0 188
332.1387 1292.0 188
332.4188 1312.0 188
332.7649 1330.0 188
333.1055 1348.0 188
333.3746 1372.0 188
333.7152 1396.0 188
334.0613 1416.0 188
334.3854 1440.0 188
334.6710 1464.0 188
335.0116 1482.0 188
335.3412 1502.0 188
335.6873 1524.0 188
335.9674 1548.0 188
336.2915 1570.0 188
336.6376 1598.0 188
336.9672 1628.0 188
337.2473 1654.0 188
337.5934 1680.0 188
337.9175 1708.0 188
338.2635 1740.0 188
338.5437 1778.0 188
338.8733 1814.0 188
339.2139 1852.0 188
339.4995 1894.0 188
339.8236 1932.0 188
340.1697 1962.0 188
340.4993 2004.0 188
340.7794 2056.0 188
341.1200 2096.0 188
341.4661 2144.0 188
341.7957 2184.0 188
342.1362 2228.0 188
342.4219 2276.0 188
342.7460 2336.0 188
343.0920 2400.0 188
343.3722 2460.0 188
343.7018 2532.0 188
344.0424 2596.0 188
344.3719 2648.0 188
344.7180 2732.0 188
344.9817 2808.0 188
345.3278 2852.0 188
345.6519 2984.0 188
345.9375 3140.0 188
346.2616 3248.0 188
346.6077 3360.0 188
346.9373 3448.0 188
347.2778 3484.0 188
347.6074 3504.0 188
347.8876 3532.0 188
348.2172 3860.0 188
348.5577 4000.0 188
348.8434 4152.0 188
349.1675 4168.0 188
349.4971 4192.0 188
349.8431 4224.0 188
350.1672 4248.0 188
350.8429 4264.0 188
351.1670 4408.0 188
351.4526 5072.0 188
351.7932 5088.0 188
