#RPLIDAR SCAN DATA
#COUNT=616
#Angule	Distance	Quality
351.8866 5328.0 188
352.2162 5688.0 188
352.5623 5680.0 188
352.8864 5656.0 188
353.2324 5672.0 188
353.5620 5704.0 188
353.9026 5672.0 188
354.2322 5624.0 188
354.5728 5640.0 188
354.9023 5672.0 188
355.8582 6704.0 188
356.8579 6712.0 188
51.1853 13624.0 188
52.5916 8936.0 188
52.9321 8992.0 188
53.2617 8928.0 188
53.6078 8456.0 188
53.9484 8480.0 188
54.2780 8520.0 188
54.6240 8544.0 188
54.9481 8528.0 188
55.2942 8488.0 188
55.6403 8352.0 188
55.9644 8240.0 188
56.3104 8224.0 188
56.6400 8232.0 188
56.9806 8280.0 188
57.3267 8304.0 188
57.6563 8360.0 188
57.9968 8464.0 188
58.3264 8856.0 188
58.6670 8840.0 188
59.0131 8840.0 188
59.3427 8864.0 188
59.6832 8872.0 188
60.0128 8888.0 188
60.3589 9024.0 188
61.6992 9152.0 188
62.0453 9192.0 188
62.3749 9336.0 188
63.3856 10104.0 188
64.7479 10184.0 188
65.4181 10264.0 188
65.7477 10288.0 188
66.0938 10272.0 188
66.4343 10136.0 188
66.7639 10016.0 188
67.1045 10152.0 188
67.4341 10736.0 188
68.1207 10656.0 188
68.4503 10512.0 188
68.7964 10472.0 188
69.1205 10512.0 188
69.4666 10536.0 188
69.8071 10456.0 188
70.4828 10152.0 188
70.8124 10128.0 188
71.1530 10176.0 188
71.4825 10272.0 188
71.8231 10360.0 188
72.1527 10384.0 188
72.4988 10328.0 188
72.8394 10328.0 188
73.5150 10352.0 188
73.8391 10360.0 188
74.1852 10336.0 188
74.5148 10288.0 188
74.8553 10272.0 188
75.1849 10336.0 188
75.5310 10448.0 188
76.5417 10496.0 188
76.8713 10800.0 188
77.2174 10392.0 188
77.5415 10528.0 188
77.8876 10640.0 188
78.2172 10640.0 188
78.5577 10672.0 188
78.8873 10672.0 188
79.2334 10656.0 188
79.5740 10688.0 188
79.9036 10776.0 188
80.2496 10728.0 188
80.5737 10624.0 188
80.9198 10656.0 188
81.2494 10608.0 188
81.5900 10520.0 188
81.9196 10616.0 188
82.2656 10680.0 188
82.6062 10536.0 188
82.9358 10480.0 188
83.2764 10552.0 188
83.6060 10224.0 188
84.2761 10272.0 188
84.6222 10200.0 188
84.9518 9816.0 188
85.6384 9960.0 188
86.3086 10024.0 188
86.6382 9912.0 188
87.6544 9976.0 188
87.9840 9944.0 188
88.3246 9800.0 188
88.6542 9856.0 188
88.9948 9552.0 188
89.3408 9424.0 188
89.6704 9216.0 188
90.0110 9168.0 188
90.3406 9168.0 188
90.6866 9288.0 188
91.0107 9400.0 188
91.3568 9352.0 188
91.6864 9352.0 188
92.0270 9360.0 188
92.3730 9328.0 188
92.7026 9008.0 188
93.0927 7952.0 188
93.4332 7904.0 188
93.7628 7792.0 188
94.1089 7712.0 188
94.4330 7784.0 188
94.7791 7800.0 188
95.1196 7792.0 188
95.4492 7896.0 188
95.7953 7880.0 188
96.1249 7872.0 188
96.4655 7928.0 188
96.7950 7936.0 188
97.1356 7920.0 188
97.4652 7840.0 188
97.8113 7768.0 188
98.1519 7768.0 188
98.4814 7760.0 188
98.8275 7784.0 188
99.1516 7864.0 188
99.4977 7936.0 188
99.8273 7928.0 188
100.1678 7936.0 188
100.4974 7856.0 188
100.8435 7872.0 188
101.1676 8008.0 188
101.5137 7960.0 188
101.8542 7808.0 188
102.1838 7672.0 188
102.5299 7520.0 188
102.8540 7416.0 188
103.2001 7432.0 188
103.5297 7368.0 188
103.8702 7304.0 188
104.1998 7256.0 188
104.5294 7208.0 188
104.8700 7056.0 188
105.1996 6864.0 188
105.5457 6872.0 188
105.8698 6888.0 188
106.2158 6824.0 188
106.5454 6848.0 188
106.8860 6840.0 188
107.2156 6784.0 188
107.5452 6792.0 188
107.8857 7232.0 188
108.2153 7280.0 188
108.5614 7352.0 188
108.8855 7352.0 188
109.8853 7352.0 188
111.1871 10160.0 188
111.8573 10048.0 188
113.1866 9552.0 188
113.8568 9688.0 188
114.2029 9728.0 188
114.8566 9600.0 188
115.8728 8992.0 188
116.2024 9104.0 188
116.5430 9080.0 188
116.8726 8960.0 188
117.2186 8968.0 188
117.5427 9008.0 188
117.8723 8952.0 188
118.2184 8896.0 188
118.5425 8904.0 188
118.8885 8840.0 188
119.2181 8920.0 188
119.6082 7248.0 188
120.0586 4136.0 188
120.3882 4136.0 188
120.7343 4152.0 188
121.0583 4104.0 188
121.4484 4024.0 188
121.7944 4016.0 188
122.1240 4068.0 188
122.9645 6696.0 188
123.2941 6648.0 188
123.6237 6584.0 188
123.9642 6536.0 188
124.2938 6456.0 188
124.6399 6368.0 188
124.9640 6408.0 188
125.3101 6456.0 188
125.6396 6400.0 188
125.9637 6368.0 188
126.3098 6384.0 188
126.6394 6336.0 188
126.9800 6736.0 188
127.3096 6768.0 188
127.6556 6800.0 188
127.9797 6856.0 188
128.3258 6872.0 188
128.6554 6816.0 188
128.9795 6832.0 188
129.3256 6872.0 188
129.6552 6832.0 188
129.9957 6808.0 188
130.3253 6784.0 188
130.6714 6784.0 188
130.9955 6744.0 188
131.3251 6704.0 188
131.6711 6736.0 188
131.9952 6768.0 188
132.3413 6760.0 188
132.6709 6776.0 188
133.0115 6808.0 188
133.3411 6800.0 188
133.6871 6816.0 188
134.0112 6840.0 188
134.3408 6832.0 188
134.6869 6848.0 188
135.0110 6888.0 188
135.3571 6872.0 188
135.6866 6880.0 188
136.0272 6904.0 188
136.3568 6952.0 188
136.7029 6992.0 188
137.0270 7008.0 188
137.3730 7024.0 188
137.7026 7024.0 188
138.0432 6960.0 188
138.3728 6880.0 188
138.7134 6824.0 188
139.0430 6832.0 188
139.3726 6808.0 188
139.7186 6816.0 188
140.0427 6728.0 188
140.3888 6288.0 188
140.7184 6248.0 188
141.0590 6216.0 188
141.3885 6240.0 188
141.7291 6240.0 188
142.1246 5680.0 188
142.4487 5584.0 188
142.7948 5456.0 188
143.1244 5400.0 188
143.4650 5352.0 188
143.7946 5312.0 188
144.1406 5272.0 188
144.4647 5232.0 188
144.8108 5168.0 188
145.1404 5120.0 188
145.4810 5096.0 188
145.8105 5080.0 188
146.1511 5056.0 188
146.4807 5024.0 188
146.8268 5008.0 188
147.1509 4992.0 188
147.4969 5000.0 188
147.8265 5016.0 188
148.1671 5008.0 188
148.4967 4984.0 188
148.8263 4968.0 188
149.1669 4976.0 188
149.4965 4976.0 188
149.8425 4960.0 188
150.1666 4944.0 188
150.5127 4944.0 188
150.8423 4968.0 188
151.1829 4976.0 188
151.5125 4976.0 188
151.8585 4976.0 188
152.1826 5000.0 188
152.5287 4984.0 188
152.8583 4968.0 188
153.1989 4960.0 188
153.5284 4944.0 188
153.8745 4952.0 188
154.1986 4952.0 188
154.5447 4936.0 188
154.8743 4936.0 188
155.2643 4896.0 188
155.6049 4528.0 188
155.9344 4840.0 188
156.2805 4840.0 188
156.6046 4864.0 188
156.9507 4840.0 188
157.2803 4800.0 188
157.6044 4784.0 188
157.9504 4760.0 188
158.2800 4704.0 188
158.6206 4624.0 188
158.9502 4584.0 188
159.2963 4560.0 188
159.6204 4560.0 188
159.9664 4544.0 188
160.2960 4528.0 188
160.6366 4504.0 188
160.9662 4416.0 188
161.3123 4336.0 188
161.6364 4312.0 188
161.9824 4320.0 188
162.3120 4320.0 188
162.6526 4320.0 188
162.9822 4320.0 188
163.3228 4320.0 188
163.6523 4336.0 188
163.9984 4336.0 188
164.3280 4336.0 188
164.6686 4328.0 188
164.9982 4336.0 188
165.3387 4336.0 188
165.6683 4328.0 188
165.9979 4352.0 188
166.3385 4352.0 188
166.6681 4344.0 188
167.0142 4336.0 188
167.3438 4352.0 188
167.6843 4360.0 188
168.0139 4352.0 188
168.3545 4360.0 188
168.6841 4376.0 188
169.0302 4392.0 188
169.3542 4400.0 188
169.7003 4408.0 188
170.0299 4392.0 188
170.3705 4400.0 188
170.7001 4400.0 188
171.0461 4368.0 188
171.3702 4344.0 188
171.7163 4320.0 188
172.0459 4240.0 188
172.3865 4168.0 188
172.7161 4136.0 188
173.0621 4100.0 188
173.4521 4008.0 188
173.7762 3928.0 188
174.1223 3876.0 188
174.4519 3848.0 188
174.7925 3840.0 188
175.1221 3804.0 188
175.4681 3768.0 188
175.7922 3748.0 188
176.1218 3720.0 188
176.4679 3688.0 188
176.7920 3664.0 188
177.1381 3656.0 188
177.4677 3644.0 188
177.8082 3640.0 188
178.1378 3640.0 188
178.4839 3632.0 188
178.8080 3632.0 188
179.1541 3648.0 188
179.4836 3664.0 188
179.8242 3680.0 188
180.1538 3608.0 188
180.5438 3472.0 188
180.8899 3400.0 188
181.2140 3368.0 188
181.5601 3344.0 188
181.8896 3328.0 188
182.2302 3304.0 188
182.5598 3256.0 188
182.9059 3212.0 188
183.2300 3220.0 188
183.5760 3232.0 188
183.9056 3208.0 188
184.2462 3152.0 188
184.5758 3096.0 188
184.9658 3048.0 188
185.3119 2996.0 188
185.6360 2932.0 188
186.0260 2488.0 188
186.3721 2480.0 188
186.7017 2468.0 188
187.0422 2468.0 188
187.3718 2464.0 188
187.7618 2456.0 188
188.1079 2456.0 188
188.4375 2420.0 188
188.7616 2352.0 188
189.1077 2312.0 188
189.4373 2304.0 188
189.7778 2296.0 188
190.1074 2256.0 188
190.4974 2212.0 188
190.8435 2180.0 188
191.1676 2144.0 188
191.5137 2116.0 188
191.8433 2088.0 188
192.1838 2064.0 188
192.5739 2030.0 188
192.9034 1994.0 188
193.2495 1980.0 188
193.5736 1966.0 188
193.9197 1940.0 188
194.3097 1890.0 188
194.6393 1848.0 188
194.9799 1834.0 188
195.3094 1818.0 188
195.6555 1786.0 188
196.0455 1754.0 188
196.3696 1724.0 188
196.7157 1696.0 188
197.0453 1672.0 188
197.3859 1648.0 188
197.7759 1618.0 188
198.1055 1588.0 188
198.4515 1554.0 188
198.8416 1522.0 188
199.1711 1500.0 188
199.5117 1472.0 188
199.9017 1446.0 188
200.2313 1430.0 188
200.5774 1408.0 188
200.9015 1392.0 188
201.2476 1378.0 188
201.6376 1358.0 188
201.9836 1336.0 188
202.3077 1304.0 188
202.6978 1280.0 188
203.0438 1270.0 188
203.3734 1260.0 188
203.7140 1254.0 188
204.0436 1244.0 188
204.3896 1232.0 188
204.7797 1216.0 188
205.1093 1202.0 188
205.4498 1186.0 188
205.8398 1164.0 188
206.1859 1146.0 188
206.5155 1136.0 188
206.9055 1104.0 188
207.2461 1072.0 188
207.6361 1066.0 188
207.9657 1062.0 188
208.2458 1074.0 188
208.5919 1086.0 188
208.9215 1078.0 188
209.3115 1064.0 188
209.6521 1052.0 188
209.9817 1042.0 188
210.3278 1034.0 188
210.7178 1024.0 188
211.0583 1018.0 188
211.3879 1012.0 188
211.7340 1008.0 188
212.7338 1010.0 188
297.4823 678.0 188
297.8229 678.0 188
298.1525 678.0 188
298.4985 678.0 188
298.8391 678.0 188
299.1687 676.0 188
299.5148 676.0 188
299.8389 676.0 188
300.1849 676.0 188
300.5310 678.0 188
300.8551 676.0 188
301.2012 676.0 188
301.5308 678.0 188
301.8713 678.0 188
302.2009 678.0 188
302.5415 680.0 188
302.8876 682.0 188
303.1677 686.0 188
303.4973 688.0 188
303.8434 690.0 188
304.1675 692.0 188
304.5135 694.0 188
304.8541 698.0 188
305.1837 702.0 188
305.4639 706.0 188
305.8099 708.0 188
306.1395 712.0 188
306.4801 714.0 188
306.8097 718.0 188
307.1558 720.0 188
307.4359 726.0 188
307.7765 728.0 188
308.1061 732.0 188
308.4521 736.0 188
308.7762 740.0 188
309.1223 744.0 188
309.4025 748.0 188
309.7485 752.0 188
310.0781 758.0 188
310.4187 762.0 188
310.7483 764.0 188
311.0889 768.0 188
311.3745 774.0 188
311.6986 780.0 188
312.0447 784.0 188
312.3853 788.0 188
312.7148 792.0 188
312.9950 798.0 188
313.3411 802.0 188
313.6707 806.0 188
314.0112 812.0 188
314.3573 816.0 188
314.6375 824.0 188
314.9670 828.0 188
315.3076 834.0 188
315.6372 840.0 188
315.9833 844.0 188
316.2634 848.0 188
316.5930 854.0 188
316.9336 858.0 188
317.2797 866.0 188
317.6093 874.0 188
317.8894 880.0 188
318.2300 884.0 188
318.5596 888.0 188
318.9056 894.0 188
319.2462 900.0 188
319.5758 904.0 188
319.9219 910.0 188
320.2020 916.0 188
320.5261 920.0 188
320.8722 924.0 188
321.2018 930.0 188
321.5424 936.0 188
321.8884 942.0 188
322.1686 950.0 188
322.4982 958.0 188
322.8387 962.0 188
323.1683 970.0 188
323.5144 978.0 188
323.7946 986.0 188
324.1406 994.0 188
324.4647 1000.0 188
324.8108 1006.0 188
325.1404 1010.0 188
325.4810 1018.0 188
325.7611 1026.0 188
326.0907 1034.0 188
326.4368 1042.0 188
326.7773 1052.0 188
327.1069 1064.0 188
327.3871 1070.0 188
327.7332 1078.0 188
328.0573 1092.0 188
328.4033 1110.0 188
328.6835 1128.0 188
329.0295 1142.0 188
329.3591 1158.0 188
329.6393 1174.0 188
329.9799 1188.0 188
330.3094 1206.0 188
330.6555 1222.0 188
330.9357 1236.0 188
331.2653 1248.0 188
331.6058 1262.0 188
331.9354 1280.0 188
332.2156 1298.0 188
332.5616 1318.0 188
332.8857 1336.0 188
333.2318 1350.0 188
333.5120 1368.0 188
333.8416 1390.0 188
334.1821 1404.0 188
334.5117 1426.0 188
334.7919 1460.0 188
335.1215 1488.0 188
335.4675 1510.0 188
335.8081 1528.0 188
336.0773 1548.0 188
336.4178 1572.0 188
336.7474 1594.0 188
337.0935 1616.0 188
337.3737 1640.0 188
337.6978 1670.0 188
338.0438 1704.0 188
338.3734 1748.0 188
338.6536 1784.0 188
338.9996 1814.0 188
339.3237 1856.0 188
339.6094 1898.0 188
339.9500 1918.0 188
340.2795 1942.0 188
340.6201 1986.0 188
340.9497 2036.0 188
341.2299 2076.0 188
341.5759 2112.0 188
341.9055 2156.0 188
342.2461 2204.0 188
342.5262 2260.0 188
342.8558 2328.0 188
343.2019 2404.0 188
343.4821 2480.0 188
343.8116 2548.0 188
344.1522 2596.0 188
344.4818 2640.0 188
344.8279 2696.0 188
345.1080 2776.0 188
345.4321 2840.0 188
345.7782 2904.0 188
346.1078 2996.0 188
346.3879 3092.0 188
346.7340 3176.0 188
347.0581 3280.0 188
347.4042 3376.0 188
347.7338 3468.0 188
348.0139 3564.0 188
348.3545 3932.0 188
348.6841 3940.0 188
349.0302 3992.0 188
349.3542 4024.0 188
349.7003 4004.0 188
350.0299 3992.0 188
350.3705 3996.0 188
350.7001 4000.0 188
351.0461 4000.0 188
