#RPLIDAR SCAN DATA
#COUNT=679
#Angule	Distance	Quality
352.2491 3976.0 188
352.5897 4012.0 188
352.9193 4032.0 188
353.1995 4480.0 188
353.5455 4512.0 188
353.8696 4544.0 188
354.2157 4552.0 188
354.5453 4568.0 188
354.8859 4568.0 188
355.2155 4552.0 188
355.5615 4536.0 188
355.8856 4544.0 188
356.2152 4544.0 188
356.5613 4544.0 188
356.8854 4528.0 188
357.2314 4536.0 188
357.9016 4624.0 188
358.2312 4704.0 188
358.5773 4744.0 188
358.9014 4784.0 188
359.2474 4808.0 188
359.5770 4808.0 188
359.9176 4792.0 188
0.2472 4800.0 188
0.5933 4824.0 188
0.9174 4856.0 188
1.2634 4896.0 188
2.2137 5000.0 188
3.4332 8824.0 188
3.7793 8504.0 188
4.1089 8488.0 188
4.4495 8480.0 188
4.7791 8464.0 188
5.1196 8440.0 188
5.4492 8448.0 188
5.7953 8440.0 188
6.1249 8480.0 188
6.4655 8472.0 188
6.7950 8448.0 188
7.1356 8480.0 188
7.4652 8496.0 188
8.1354 8488.0 188
10.2008 6176.0 188
10.5469 6240.0 188
10.8710 6168.0 188
11.2610 5976.0 188
11.6071 5848.0 188
11.9366 5800.0 188
12.2772 5816.0 188
12.6068 5840.0 188
12.9529 5848.0 188
13.2770 5840.0 188
13.6230 5856.0 188
13.9526 5880.0 188
14.2932 5896.0 188
14.6228 5912.0 188
14.9634 5968.0 188
15.2930 6040.0 188
52.5146 9120.0 188
52.8552 9000.0 188
53.1848 8368.0 188
53.5309 8376.0 188
53.8550 8368.0 188
54.2010 8440.0 188
54.5306 8568.0 188
54.8712 8560.0 188
55.2008 8584.0 188
55.5469 8712.0 188
55.8875 8784.0 188
56.2170 8816.0 188
56.5576 8824.0 188
56.8872 8832.0 188
57.2333 8728.0 188
57.5574 8656.0 188
57.9034 8640.0 188
58.2330 8688.0 188
58.5736 8840.0 188
58.9197 8840.0 188
59.2493 8840.0 188
59.5898 9144.0 188
59.9194 9136.0 188
60.2655 9528.0 188
60.5896 9536.0 188
60.9357 9488.0 188
61.2653 9528.0 188
61.6058 9648.0 188
61.9354 9776.0 188
62.2760 9440.0 188
62.6221 9464.0 188
62.9517 9456.0 188
63.2922 9472.0 188
63.6218 9536.0 188
64.2920 9880.0 188
64.6381 9928.0 188
64.9677 9952.0 188
65.3082 9832.0 188
65.6543 9824.0 188
65.9839 9968.0 188
66.3245 9936.0 188
66.6541 9856.0 188
66.9946 9864.0 188
67.3242 10176.0 188
67.6703 10104.0 188
68.6865 10216.0 188
69.0106 10576.0 188
69.3567 10576.0 188
69.6863 10568.0 188
70.0269 10488.0 188
70.7025 10528.0 188
72.7185 10616.0 188
73.3887 10496.0 188
73.7292 10376.0 188
74.0588 10752.0 188
74.7290 10656.0 188
75.7452 10480.0 188
76.0913 10464.0 188
76.4209 10584.0 188
76.7615 10688.0 188
77.0911 10640.0 188
77.4371 10624.0 188
77.7612 10712.0 188
78.1073 10616.0 188
78.4479 10568.0 188
78.7775 10664.0 188
79.1235 10624.0 188
79.4531 10552.0 188
79.7937 10504.0 188
80.1233 10568.0 188
80.4639 10504.0 188
80.7935 10448.0 188
81.1395 10496.0 188
81.4636 10152.0 188
81.8097 10480.0 188
82.1558 10352.0 188
82.4799 10264.0 188
82.8259 10256.0 188
83.1555 10208.0 188
83.4961 10128.0 188
83.8257 10168.0 188
84.8419 10120.0 188
85.1825 9704.0 188
85.5121 9688.0 188
85.8582 9568.0 188
86.1823 9512.0 188
86.5283 9600.0 188
86.8579 9728.0 188
87.5281 9688.0 188
87.8741 9744.0 188
88.1982 9760.0 188
88.8739 9584.0 188
89.1980 9480.0 188
89.5441 9104.0 188
89.8737 9096.0 188
90.2142 9112.0 188
90.5438 9232.0 188
90.8899 9360.0 188
91.2140 9408.0 188
91.5601 9400.0 188
91.8896 9360.0 188
92.2302 9344.0 188
92.5598 9352.0 188
92.9498 8032.0 188
93.2959 7904.0 188
93.6200 7768.0 188
93.9661 7768.0 188
94.2957 7768.0 188
94.6362 7824.0 188
94.9658 7800.0 188
95.3119 7768.0 188
95.6360 7760.0 188
95.9821 7776.0 188
96.3116 7840.0 188
96.6522 7864.0 188
96.9818 7944.0 188
97.3279 7984.0 188
97.6520 7920.0 188
97.9980 7832.0 188
98.3276 7880.0 188
98.6517 7872.0 188
98.9978 7816.0 188
99.3274 7848.0 188
99.6680 7872.0 188
99.9976 7824.0 188
100.3436 7752.0 188
100.6677 7736.0 188
101.0138 7736.0 188
101.3434 7712.0 188
101.6840 7672.0 188
102.0135 7584.0 188
102.3541 7528.0 188
102.6837 7504.0 188
103.0298 7472.0 188
103.3594 7464.0 188
103.7000 7464.0 188
104.0295 7448.0 188
104.3701 7352.0 188
104.6997 7232.0 188
105.0458 7112.0 188
105.3699 7032.0 188
105.7159 7072.0 188
106.0455 7176.0 188
106.3696 7200.0 188
106.7157 7216.0 188
107.0453 7304.0 188
107.3859 7368.0 188
107.7155 7432.0 188
108.0615 7416.0 188
108.3856 7392.0 188
108.7317 7408.0 188
109.0613 7448.0 188
109.4019 7416.0 188
109.7314 7528.0 188
110.0116 8688.0 188
110.3577 8760.0 188
110.7477 7016.0 188
111.0773 6960.0 188
111.3574 8880.0 188
111.6980 8944.0 188
112.0276 8960.0 188
112.3572 8856.0 188
112.7637 7456.0 188
113.0933 7376.0 188
113.4338 7256.0 188
113.7634 7224.0 188
114.0930 7232.0 188
114.4336 7160.0 188
114.7632 7096.0 188
115.1093 7072.0 188
115.4333 7032.0 188
115.7794 6952.0 188
116.1090 6904.0 188
116.4496 6888.0 188
116.7792 6880.0 188
117.2296 4136.0 188
117.5592 4120.0 188
117.9053 4104.0 188
118.2294 4136.0 188
118.5754 4144.0 188
118.9655 4088.0 188
119.2950 4060.0 188
119.6356 4068.0 188
119.9652 4072.0 188
120.3113 4092.0 188
120.6354 4076.0 188
120.9814 4020.0 188
121.3110 3996.0 188
121.6516 3976.0 188
121.9812 3940.0 188
122.3273 3940.0 188
122.6514 3952.0 188
122.9974 3960.0 188
123.3270 3968.0 188
123.6676 3988.0 188
123.9972 3988.0 188
124.3433 3968.0 188
124.6674 4012.0 188
125.1672 6480.0 188
125.5133 6456.0 188
125.8429 6432.0 188
126.1835 6416.0 188
126.5131 6360.0 188
126.8591 6288.0 188
127.1832 6248.0 188
127.5293 6280.0 188
127.8589 6288.0 188
128.1995 6248.0 188
128.5291 6256.0 188
128.8696 6344.0 188
129.1992 6416.0 188
129.5453 6448.0 188
129.8749 6456.0 188
130.2155 6464.0 188
130.5450 6480.0 188
130.8746 6432.0 188
131.2152 6448.0 188
131.5448 6496.0 188
131.8854 6512.0 188
132.2150 6504.0 188
132.5610 6536.0 188
132.8906 6576.0 188
133.2312 6576.0 188
133.5608 6608.0 188
133.9014 6640.0 188
134.2310 6696.0 188
134.5770 6648.0 188
134.9011 6608.0 188
135.2472 6656.0 188
135.5768 6664.0 188
135.9174 6656.0 188
136.2469 6672.0 188
136.5930 6696.0 188
136.9171 6608.0 188
137.2632 6600.0 188
137.5928 6576.0 188
137.9333 6424.0 188
138.3234 5968.0 188
138.6530 5952.0 188
138.9990 5952.0 188
139.3231 6032.0 188
139.6527 5000.0 188
139.9988 4992.0 188
140.3229 5000.0 188
140.6689 5024.0 188
140.9985 5056.0 188
141.3391 5056.0 188
141.6687 5040.0 188
142.0148 5024.0 188
142.3389 4968.0 188
142.6849 4952.0 188
143.0145 4936.0 188
143.3551 4928.0 188
143.6847 4936.0 188
144.0308 4960.0 188
144.3549 4960.0 188
144.7009 4936.0 188
145.0305 4936.0 188
145.3711 4944.0 188
145.7007 4928.0 188
146.0907 4896.0 188
146.4368 4896.0 188
146.7609 4872.0 188
147.1069 4824.0 188
147.4365 4808.0 188
147.7771 4792.0 188
148.1067 4760.0 188
148.4528 4696.0 188
148.7769 4616.0 188
149.1064 4552.0 188
149.4525 4544.0 188
149.7766 4528.0 188
150.1227 4536.0 188
150.4523 4536.0 188
150.7928 4528.0 188
151.1224 4528.0 188
151.4685 4528.0 188
151.7926 4528.0 188
152.1387 4504.0 188
152.4683 4480.0 188
152.7924 4464.0 188
153.1384 4448.0 188
153.4680 4416.0 188
153.8086 4368.0 188
154.1382 4360.0 188
154.4843 4368.0 188
154.8083 4376.0 188
155.1544 4376.0 188
155.4840 4376.0 188
155.8081 4384.0 188
156.1542 4392.0 188
156.4838 4408.0 188
156.8243 4416.0 188
157.1539 4392.0 188
157.5000 4392.0 188
157.8241 4400.0 188
158.1537 4416.0 188
158.4998 4408.0 188
158.8239 4400.0 188
159.1699 4400.0 188
159.4995 4376.0 188
159.8401 4368.0 188
160.1697 4360.0 188
160.5103 4360.0 188
160.8398 4368.0 188
161.1694 4368.0 188
161.5155 4376.0 188
161.8396 4368.0 188
162.1857 4368.0 188
162.5153 4360.0 188
162.8558 4352.0 188
163.1854 4344.0 188
163.5150 4336.0 188
163.8556 4328.0 188
164.1852 4328.0 188
164.5313 4320.0 188
164.8553 4312.0 188
165.2014 4320.0 188
165.5310 4328.0 188
165.8716 4336.0 188
166.2012 4328.0 188
166.5308 4336.0 188
166.8713 4352.0 188
167.2009 4360.0 188
167.5415 4360.0 188
167.8711 4376.0 188
168.2172 4360.0 188
168.5468 4352.0 188
168.8708 4368.0 188
169.2169 4368.0 188
169.5465 4392.0 188
169.8871 4400.0 188
170.2167 4392.0 188
170.5573 4384.0 188
170.8868 4400.0 188
171.2329 4376.0 188
171.5625 4344.0 188
171.8866 4336.0 188
172.2327 4320.0 188
172.5623 4288.0 188
172.9028 4264.0 188
173.2324 4256.0 188
173.5730 4264.0 188
173.9026 4272.0 188
174.2322 4264.0 188
174.5728 4240.0 188
174.9023 4216.0 188
175.2484 4168.0 188
175.6384 4056.0 188
175.9680 3980.0 188
176.3086 3960.0 188
176.6382 3904.0 188
176.9843 3860.0 188
177.3083 3860.0 188
177.6379 3836.0 188
177.9840 3804.0 188
178.3081 3784.0 188
178.6542 3764.0 188
178.9838 3756.0 188
179.3243 3756.0 188
179.6539 3760.0 188
180.0000 3768.0 188
180.3241 3772.0 188
180.6537 3704.0 188
180.9998 3604.0 188
181.3239 3548.0 188
181.7139 3496.0 188
182.0599 3388.0 188
182.3895 3288.0 188
182.7301 3236.0 188
183.0597 3208.0 188
183.4058 3224.0 188
183.7299 3224.0 188
184.0759 3184.0 188
184.4055 3144.0 188
184.7461 3088.0 188
185.1361 2976.0 188
185.4657 2884.0 188
185.8118 2844.0 188
186.1359 2768.0 188
186.5259 2680.0 188
186.8719 2604.0 188
187.2015 2564.0 188
187.5421 2520.0 188
187.8717 2476.0 188
188.2617 2444.0 188
188.6078 2412.0 188
188.9374 2372.0 188
189.2780 2324.0 188
189.6075 2292.0 188
189.9481 2244.0 188
190.3436 2200.0 188
190.6677 2176.0 188
191.0138 2140.0 188
191.3434 2116.0 188
191.6840 2092.0 188
192.0135 2064.0 188
192.4036 2044.0 188
192.7496 2032.0 188
193.0737 2014.0 188
193.4198 2004.0 188
193.7494 1990.0 188
194.0900 1932.0 188
194.4800 1808.0 188
194.8700 1716.0 188
195.1996 1704.0 188
195.5457 1702.0 188
195.8698 1702.0 188
196.2158 1718.0 188
196.5454 1726.0 188
196.8860 1684.0 188
197.2760 1592.0 188
197.6715 1518.0 188
197.9956 1508.0 188
198.3417 1506.0 188
198.6713 1506.0 188
199.0118 1498.0 188
199.3414 1470.0 188
199.7314 1444.0 188
200.0775 1424.0 188
200.4016 1404.0 188
200.7477 1380.0 188
201.1377 1346.0 188
201.4673 1326.0 188
201.8079 1312.0 188
202.1375 1304.0 188
202.5275 1292.0 188
202.8735 1274.0 188
203.2031 1256.0 188
203.5437 1238.0 188
203.9337 1224.0 188
204.2633 1214.0 188
204.6094 1204.0 188
204.9335 1192.0 188
205.2795 1180.0 188
205.6696 1164.0 188
206.0156 1150.0 188
206.3397 1148.0 188
206.6693 1146.0 188
207.0154 1138.0 188
207.3395 1130.0 188
207.6855 1120.0 188
208.0756 1108.0 188
208.4216 1098.0 188
208.7457 1086.0 188
209.0753 1078.0 188
209.4214 1070.0 188
209.8114 1060.0 188
210.1520 1050.0 188
210.4816 1042.0 188
210.8276 1034.0 188
211.1517 1026.0 188
211.5417 1020.0 188
211.8878 1022.0 188
297.6361 672.0 188
297.9822 674.0 188
298.3228 674.0 188
298.6523 672.0 188
298.9984 674.0 188
299.3280 674.0 188
299.6686 674.0 188
299.9982 674.0 188
300.3387 674.0 188
300.6683 674.0 188
301.0144 674.0 188
301.3550 674.0 188
301.6846 676.0 188
302.0306 674.0 188
302.3547 674.0 188
302.7008 676.0 188
303.0304 680.0 188
303.3710 680.0 188
303.6511 684.0 188
303.9807 688.0 188
304.3268 690.0 188
304.6509 694.0 188
304.9969 698.0 188
305.3430 700.0 188
305.6232 706.0 188
305.9528 710.0 188
306.2933 712.0 188
306.6229 716.0 188
306.9635 720.0 188
307.2931 722.0 188
307.5732 726.0 188
307.9193 730.0 188
308.2489 734.0 188
308.5895 736.0 188
308.9355 740.0 188
309.2651 744.0 188
309.5453 748.0 188
309.8859 754.0 188
310.2155 758.0 188
310.5615 762.0 188
310.8856 764.0 188
311.2317 768.0 188
311.5118 774.0 188
311.8414 778.0 188
312.1875 784.0 188
312.5116 790.0 188
312.7917 796.0 188
313.1378 800.0 188
313.4674 806.0 188
313.8080 812.0 188
314.1376 814.0 188
314.4836 818.0 188
314.7638 824.0 188
315.0934 828.0 188
315.4340 832.0 188
315.7635 836.0 188
316.1041 842.0 188
316.4337 846.0 188
316.7139 852.0 188
317.0599 858.0 188
317.3895 864.0 188
317.7301 870.0 188
318.0597 876.0 188
318.3398 882.0 188
318.6859 886.0 188
319.0155 890.0 188
319.3561 896.0 188
319.6857 902.0 188
320.0262 906.0 188
320.3558 910.0 188
320.6360 916.0 188
320.9821 922.0 188
321.3116 928.0 188
321.6522 934.0 188
321.9818 940.0 188
322.2620 946.0 188
322.6080 952.0 188
322.9321 958.0 188
323.2782 966.0 188
323.6078 970.0 188
323.9484 980.0 188
324.2175 992.0 188
324.5581 1000.0 188
324.8877 1006.0 188
325.2338 1014.0 188
325.5139 1026.0 188
325.8435 1036.0 188
326.1841 1042.0 188
326.5137 1048.0 188
326.8542 1056.0 188
327.1838 1062.0 188
327.4640 1078.0 188
327.8101 1098.0 188
328.1396 1112.0 188
328.4198 1122.0 188
328.7604 1132.0 188
329.0900 1142.0 188
329.4360 1156.0 188
329.7162 1172.0 188
330.0458 1190.0 188
330.3864 1208.0 188
330.7159 1216.0 188
331.0620 1226.0 188
331.3422 1244.0 188
331.6718 1264.0 188
332.0123 1278.0 188
332.3419 1292.0 188
332.6221 1314.0 188
332.9517 1330.0 188
333.2922 1342.0 188
333.6218 1362.0 188
333.9020 1378.0 188
334.2480 1394.0 188
334.5776 1418.0 188
334.9182 1442.0 188
335.1984 1466.0 188
335.5280 1488.0 188
335.8740 1514.0 188
336.1542 1540.0 188
336.4838 1560.0 188
336.8243 1584.0 188
337.1539 1608.0 188
337.5000 1638.0 188
337.7802 1662.0 188
338.1042 1682.0 188
338.4503 1720.0 188
338.7305 1762.0 188
339.0601 1788.0 188
339.4061 1818.0 188
339.7302 1856.0 188
340.0763 1882.0 188
340.3564 1908.0 188
340.6860 1950.0 188
341.0266 1992.0 188
341.3562 2034.0 188
341.6364 2076.0 188
341.9659 2120.0 188
342.3120 2168.0 188
342.6361 2228.0 188
342.9218 2304.0 188
343.2623 2372.0 188
343.5919 2432.0 188
343.8721 2484.0 188
344.2181 2524.0 188
344.5422 2572.0 188
344.8883 2620.0 188
345.2179 2664.0 188
345.5420 2724.0 188
345.8276 2800.0 188
346.1682 2888.0 188
346.4978 2976.0 188
346.8384 3056.0 188
347.1075 3112.0 188
347.4481 3160.0 188
347.7777 3264.0 188
348.1238 3392.0 188
348.4039 3516.0 188
348.7335 3660.0 188
349.0576 3776.0 188
349.4037 3840.0 188
349.7333 3904.0 188
350.0739 3948.0 188
350.4034 3976.0 188
350.7495 3996.0 188
351.0736 3988.0 188
351.4032 3968.0 188
351.7493 3976.0 188
