#RPLIDAR SCAN DATA
#COUNT=684
#Angule	Distance	Quality
352.2162 3912.0 188
352.5458 3932.0 188
352.8864 3980.0 188
353.1665 4136.0 188
353.4961 4264.0 188
353.8422 4280.0 188
354.1718 4328.0 188
354.5123 4368.0 188
354.8419 4376.0 188
355.1825 4368.0 188
355.5121 4368.0 188
355.8582 4368.0 188
356.1987 4360.0 188
356.5283 4360.0 188
356.8744 4368.0 188
357.1985 4392.0 188
357.5446 4424.0 188
357.8741 4472.0 188
358.2147 4496.0 188
358.5443 4512.0 188
358.8904 4536.0 188
359.2145 4536.0 188
359.5605 4528.0 188
359.8901 4528.0 188
0.2307 4560.0 188
0.5603 4600.0 188
0.9009 4632.0 188
1.2305 4640.0 188
1.5765 4632.0 188
1.9061 4632.0 188
2.2467 4624.0 188
2.5763 4640.0 188
2.9169 4656.0 188
3.2465 4640.0 188
3.5925 4640.0 188
3.9166 4664.0 188
4.2627 4672.0 188
4.5923 4680.0 188
4.9329 4696.0 188
5.2625 4712.0 188
5.6085 4776.0 188
5.8722 5080.0 188
6.2183 5096.0 188
6.5424 5136.0 188
6.8884 5184.0 188
7.5586 5232.0 188
7.7783 8208.0 188
8.1079 8200.0 188
8.4485 8256.0 188
9.1681 6880.0 188
9.5142 6304.0 188
9.8438 6200.0 188
10.2338 6120.0 188
10.5743 5712.0 188
10.9039 5720.0 188
11.2500 5728.0 188
11.5741 5712.0 188
11.9202 5712.0 188
12.2498 5728.0 188
12.5903 5728.0 188
12.9199 5728.0 188
13.2605 5672.0 188
13.5901 5624.0 188
13.9197 5624.0 188
14.2603 5616.0 188
14.5898 5592.0 188
14.9359 5568.0 188
15.2655 5592.0 188
15.6061 5600.0 188
15.9357 5624.0 188
16.2762 5656.0 188
16.6058 5664.0 188
16.9519 5680.0 188
17.2760 5688.0 188
17.6056 5704.0 188
17.9517 5704.0 188
18.2813 5704.0 188
18.6218 5744.0 188
53.1519 8592.0 188
53.4814 8728.0 188
53.8275 8848.0 188
54.1681 8816.0 188
54.4977 8808.0 188
54.8438 8264.0 188
55.2338 8184.0 188
55.5579 8128.0 188
55.8435 8200.0 188
56.1841 8312.0 188
56.5302 8408.0 188
56.8542 8400.0 188
57.2003 8464.0 188
57.5299 8496.0 188
57.8705 8480.0 188
58.2166 8504.0 188
58.5461 8488.0 188
58.8867 8592.0 188
59.8865 8720.0 188
60.2325 9880.0 188
60.5731 9744.0 188
60.9027 9640.0 188
61.2488 9600.0 188
61.5729 9520.0 188
61.9189 9384.0 188
62.2650 9264.0 188
62.5891 9264.0 188
62.9352 9416.0 188
63.2648 9456.0 188
63.9349 9376.0 188
64.9512 9520.0 188
65.2917 9712.0 188
65.6213 9792.0 188
65.9674 9848.0 188
66.6376 10656.0 188
66.9836 10728.0 188
67.3077 10728.0 188
67.9834 10400.0 188
68.3240 10464.0 188
68.9996 10512.0 188
69.9994 10896.0 188
70.3400 10856.0 188
71.0156 10744.0 188
71.3562 11240.0 188
71.6858 10568.0 188
72.0264 10656.0 188
73.0261 10688.0 188
75.7343 10728.0 188
76.0583 10752.0 188
76.4044 10720.0 188
76.7340 10648.0 188
77.0746 10696.0 188
77.4042 10680.0 188
77.7448 10568.0 188
78.0743 10512.0 188
78.4204 10544.0 188
78.7500 10552.0 188
79.0906 10544.0 188
79.4202 10680.0 188
79.7607 10616.0 188
80.0903 10536.0 188
80.7605 10480.0 188
81.1066 10400.0 188
81.4526 10376.0 188
82.1228 10264.0 188
82.7930 10208.0 188
83.1226 10256.0 188
85.1385 9488.0 188
85.4791 9504.0 188
85.8087 9576.0 188
86.1548 9608.0 188
86.4954 9488.0 188
86.8250 9464.0 188
87.1710 9808.0 188
87.4951 9816.0 188
87.8412 9688.0 188
88.1708 9600.0 188
88.5114 9552.0 188
88.8409 9432.0 188
89.1870 9344.0 188
89.5111 9264.0 188
89.8572 9128.0 188
90.1868 9128.0 188
90.5273 9256.0 188
90.8569 9320.0 188
91.2030 9376.0 188
91.5271 9416.0 188
91.8732 9448.0 188
92.2137 9392.0 188
92.5433 9368.0 188
93.2794 8008.0 188
93.6090 7880.0 188
93.9496 7784.0 188
94.2792 7808.0 188
94.6198 7816.0 188
94.9493 7840.0 188
95.2954 7856.0 188
95.6250 7856.0 188
95.9656 7872.0 188
96.2952 7880.0 188
96.6357 7896.0 188
96.9818 7920.0 188
97.3114 7928.0 188
97.6520 7944.0 188
97.9816 7904.0 188
98.3276 7832.0 188
98.6517 7752.0 188
98.9978 7688.0 188
99.3274 7712.0 188
99.6680 7728.0 188
99.9976 7768.0 188
100.3436 7792.0 188
100.6677 7776.0 188
101.0138 7768.0 188
101.3434 7760.0 188
101.6675 7688.0 188
102.0135 7624.0 188
102.3431 7608.0 188
102.6837 7560.0 188
103.0133 7560.0 188
103.3594 7544.0 188
103.6835 7160.0 188
104.0295 7080.0 188
104.3591 7056.0 188
104.6832 7016.0 188
105.0293 6880.0 188
105.3589 6816.0 188
105.6995 6856.0 188
106.0291 7360.0 188
106.3696 7336.0 188
106.6992 7280.0 188
107.0453 7272.0 188
107.3749 7288.0 188
107.6990 7272.0 188
108.0450 7240.0 188
108.3746 7256.0 188
108.7152 7248.0 188
109.0448 7184.0 188
109.3854 7096.0 188
109.7150 6952.0 188
110.0610 6896.0 188
110.3906 6864.0 188
110.7147 6816.0 188
111.0608 6776.0 188
111.3904 6712.0 188
111.7310 6672.0 188
112.0605 6664.0 188
112.4011 6624.0 188
112.7307 6608.0 188
113.0768 6664.0 188
113.4009 6672.0 188
113.7469 6608.0 188
114.1370 5784.0 188
114.4666 5024.0 188
114.7961 5040.0 188
115.1367 5056.0 188
115.4663 5032.0 188
115.8124 5016.0 188
116.1365 5016.0 188
116.4825 5056.0 188
116.8726 4168.0 188
117.2021 4128.0 188
117.5427 4104.0 188
117.9327 4096.0 188
118.2019 4104.0 188
118.5425 4104.0 188
118.9325 4072.0 188
119.2621 4044.0 188
119.6082 4028.0 188
119.9323 4012.0 188
120.2783 3992.0 188
120.6079 3972.0 188
120.9485 3968.0 188
121.2781 3964.0 188
121.6241 3948.0 188
121.9482 3916.0 188
122.2778 3900.0 188
122.6239 3876.0 188
122.9480 3860.0 188
123.2941 3876.0 188
123.6237 3920.0 188
123.9642 3944.0 188
124.2938 3936.0 188
124.6399 3948.0 188
124.9640 3964.0 188
125.6396 3992.0 188
126.1395 6184.0 188
126.4801 6208.0 188
126.8097 6184.0 188
127.1393 6160.0 188
127.4799 6160.0 188
127.8094 6152.0 188
128.1995 6104.0 188
128.5455 6112.0 188
128.8257 6192.0 188
129.1553 6248.0 188
129.4958 6280.0 188
129.8254 6320.0 188
130.1550 6344.0 188
130.4956 6368.0 188
130.8252 6368.0 188
131.1713 6368.0 188
131.4954 6376.0 188
131.8414 6336.0 188
132.1710 6344.0 188
132.5116 6376.0 188
132.8412 6352.0 188
133.1873 6304.0 188
133.5114 6280.0 188
133.8574 6248.0 188
134.1870 6224.0 188
134.5276 6208.0 188
134.9176 6128.0 188
135.2472 6000.0 188
135.5933 5952.0 188
135.9174 5952.0 188
136.2634 5856.0 188
136.6040 5736.0 188
136.9336 5640.0 188
137.2797 5608.0 188
137.6093 5648.0 188
137.9498 5656.0 188
138.2794 5648.0 188
138.6200 5664.0 188
138.9496 5672.0 188
139.2957 5664.0 188
139.6198 5688.0 188
139.9658 5256.0 188
140.2954 4952.0 188
140.6360 4928.0 188
141.0260 4880.0 188
141.3556 4824.0 188
141.7017 4800.0 188
142.0313 4784.0 188
142.3718 4776.0 188
142.7014 4800.0 188
143.0420 4800.0 188
143.3716 4824.0 188
143.7177 4824.0 188
144.0417 4808.0 188
144.3878 4800.0 188
144.7174 4792.0 188
145.0580 4800.0 188
145.3876 4800.0 188
145.7336 4800.0 188
146.0577 4768.0 188
146.4038 4752.0 188
146.7334 4720.0 188
147.0740 4632.0 188
147.4036 4568.0 188
147.7496 4512.0 188
148.0737 4488.0 188
148.4198 4480.0 188
148.7494 4488.0 188
149.0900 4488.0 188
149.4196 4480.0 188
149.7656 4480.0 188
150.0897 4488.0 188
150.4358 4488.0 188
150.7654 4472.0 188
151.1060 4464.0 188
151.4520 4448.0 188
151.7761 4424.0 188
152.1222 4416.0 188
152.4518 4400.0 188
152.7924 4376.0 188
153.1219 4360.0 188
153.4680 4344.0 188
153.7921 4320.0 188
154.1382 4288.0 188
154.4678 4272.0 188
154.8083 4256.0 188
155.1379 4264.0 188
155.4840 4272.0 188
155.8081 4288.0 188
156.1542 4320.0 188
156.4838 4360.0 188
156.8243 4368.0 188
157.1539 4376.0 188
157.5000 4392.0 188
157.8241 4384.0 188
158.1702 4376.0 188
158.4998 4384.0 188
158.8403 4392.0 188
159.1699 4392.0 188
159.5105 4400.0 188
159.8401 4400.0 188
160.1862 4392.0 188
160.5103 4392.0 188
160.8563 4384.0 188
161.1859 4392.0 188
161.5265 4408.0 188
161.8561 4408.0 188
162.2021 4392.0 188
162.5262 4376.0 188
162.8723 4376.0 188
163.2019 4368.0 188
163.5425 4344.0 188
163.8721 4336.0 188
164.2181 4344.0 188
164.5422 4352.0 188
164.8883 4352.0 188
165.2179 4352.0 188
165.5585 4360.0 188
165.8881 4360.0 188
166.2341 4368.0 188
166.5582 4368.0 188
166.9043 4360.0 188
167.2339 4360.0 188
167.5745 4344.0 188
167.9041 4344.0 188
168.2446 4344.0 188
168.5742 4328.0 188
168.9203 4320.0 188
169.2499 4320.0 188
169.5905 4328.0 188
169.9200 4304.0 188
170.2606 4280.0 188
170.5902 4272.0 188
170.9198 4264.0 188
171.2604 4240.0 188
171.5900 4208.0 188
171.9360 4184.0 188
172.2656 4184.0 188
172.6062 4184.0 188
172.9358 4152.0 188
173.2764 4128.0 188
173.6060 4128.0 188
173.9520 4104.0 188
174.3420 4096.0 188
174.6222 4100.0 188
175.0122 4076.0 188
175.3418 4060.0 188
175.6824 4032.0 188
176.0120 4012.0 188
176.3580 3996.0 188
176.6821 3972.0 188
177.0282 3956.0 188
177.3578 3940.0 188
177.6984 3932.0 188
178.0280 3884.0 188
178.3740 3788.0 188
178.6981 3716.0 188
179.0442 3692.0 188
179.3738 3720.0 188
179.7144 3756.0 188
180.0439 3780.0 188
180.3735 3788.0 188
180.7141 3792.0 188
181.0437 3824.0 188
181.3898 3820.0 188
181.7139 3780.0 188
182.2302 2608.0 188
182.5598 2612.0 188
182.9059 2604.0 188
183.2300 2592.0 188
183.5760 2580.0 188
183.9056 2572.0 188
184.2297 2588.0 188
184.5758 2572.0 188
184.9054 2540.0 188
185.2460 2476.0 188
185.6360 2352.0 188
185.9656 2288.0 188
186.3116 2284.0 188
186.6357 2280.0 188
186.9818 2292.0 188
187.3114 2308.0 188
187.6520 2304.0 188
187.9816 2288.0 188
188.3276 2280.0 188
188.6517 2268.0 188
188.9978 2260.0 188
189.3274 2272.0 188
189.6680 2260.0 188
190.0580 2228.0 188
190.3876 2200.0 188
190.7336 2184.0 188
191.0577 2184.0 188
191.4038 2160.0 188
191.7334 2124.0 188
192.0740 2100.0 188
192.4036 2088.0 188
192.7496 2072.0 188
193.1396 2048.0 188
193.4637 2018.0 188
193.8098 1978.0 188
194.1394 1940.0 188
194.4800 1898.0 188
194.8700 1824.0 188
195.1996 1776.0 188
195.5457 1776.0 188
195.8698 1770.0 188
196.2653 1742.0 188
196.6058 1694.0 188
196.9354 1646.0 188
197.3254 1578.0 188
197.7155 1522.0 188
198.0615 1512.0 188
198.4021 1498.0 188
198.7317 1478.0 188
199.0778 1468.0 188
199.4019 1464.0 188
199.7919 1446.0 188
200.1379 1416.0 188
200.4675 1390.0 188
200.8081 1372.0 188
201.1981 1358.0 188
201.5442 1342.0 188
201.8738 1326.0 188
202.2144 1308.0 188
202.6044 1270.0 188
202.9504 1238.0 188
203.3405 1228.0 188
203.6700 1222.0 188
204.0106 1210.0 188
204.3402 1198.0 188
204.6863 1188.0 188
205.0104 1178.0 188
205.4169 1164.0 188
205.7465 1150.0 188
206.0925 1140.0 188
206.4166 1132.0 188
206.7627 1124.0 188
207.0923 1122.0 188
207.4329 1122.0 188
207.7625 1120.0 188
208.1689 1114.0 188
208.4985 1108.0 188
208.8391 1100.0 188
209.1687 1090.0 188
209.5148 1082.0 188
209.8389 1070.0 188
210.2344 1056.0 188
210.5750 1042.0 188
210.9210 1028.0 188
211.3110 1020.0 188
211.6406 1014.0 188
212.3108 1014.0 188
297.7295 672.0 188
298.0591 670.0 188
298.4052 670.0 188
298.7292 672.0 188
299.0753 672.0 188
299.4049 672.0 188
299.7455 672.0 188
300.0916 672.0 188
300.4211 672.0 188
300.7617 672.0 188
301.0913 672.0 188
301.4374 672.0 188
301.7615 674.0 188
302.1075 674.0 188
302.4481 674.0 188
302.7777 678.0 188
303.1238 682.0 188
303.4039 684.0 188
303.7335 690.0 188
304.0741 692.0 188
304.4037 694.0 188
304.7498 698.0 188
305.0903 700.0 188
305.3705 704.0 188
305.7001 706.0 188
306.0461 708.0 188
306.3702 712.0 188
306.7163 716.0 188
307.0459 720.0 188
307.3865 722.0 188
307.6666 726.0 188
308.0127 730.0 188
308.3423 732.0 188
308.6829 734.0 188
309.0125 740.0 188
309.3585 744.0 188
309.6387 746.0 188
309.9683 752.0 188
310.3088 756.0 188
310.6549 760.0 188
310.9790 764.0 188
311.3251 768.0 188
311.6052 774.0 188
311.9348 778.0 188
312.2809 782.0 188
312.6050 788.0 188
312.8906 794.0 188
313.2312 798.0 188
313.5773 802.0 188
313.9014 806.0 188
314.2474 812.0 188
314.5770 816.0 188
314.8572 820.0 188
315.1978 826.0 188
315.5273 830.0 188
315.8734 836.0 188
316.2140 842.0 188
316.4996 848.0 188
316.8237 852.0 188
317.1698 856.0 188
317.4994 864.0 188
317.8400 868.0 188
318.1696 872.0 188
318.5156 878.0 188
318.7958 884.0 188
319.1364 888.0 188
319.4659 892.0 188
319.8120 898.0 188
320.1361 904.0 188
320.4218 912.0 188
320.7623 918.0 188
321.0919 924.0 188
321.4325 932.0 188
321.7786 940.0 188
322.0587 946.0 188
322.3883 952.0 188
322.7344 956.0 188
323.0585 964.0 188
323.4045 972.0 188
323.7341 980.0 188
324.0143 988.0 188
324.3549 994.0 188
324.7009 1002.0 188
325.0305 1012.0 188
325.3711 1018.0 188
325.7007 1024.0 188
325.9808 1032.0 188
326.3269 1040.0 188
326.6510 1048.0 188
326.9971 1058.0 188
327.3267 1068.0 188
327.6068 1076.0 188
327.9529 1090.0 188
328.2770 1104.0 188
328.5571 1118.0 188
328.9032 1136.0 188
329.2328 1156.0 188
329.5734 1170.0 188
329.8425 1180.0 188
330.1831 1196.0 188
330.5127 1212.0 188
330.8588 1226.0 188
331.1389 1240.0 188
331.4685 1248.0 188
331.8091 1260.0 188
332.1387 1278.0 188
332.4188 1296.0 188
332.7649 1314.0 188
333.0890 1328.0 188
333.4351 1344.0 188
333.7646 1362.0 188
334.0448 1386.0 188
334.3744 1408.0 188
334.7150 1428.0 188
334.9951 1448.0 188
335.3247 1468.0 188
335.6708 1488.0 188
335.9949 1508.0 188
336.3409 1534.0 188
336.6211 1558.0 188
336.9507 1584.0 188
337.2968 1610.0 188
337.6208 1638.0 188
337.9010 1672.0 188
338.2306 1698.0 188
338.5767 1718.0 188
338.9063 1744.0 188
339.1864 1780.0 188
339.5270 1816.0 188
339.8566 1844.0 188
340.2026 1870.0 188
340.4828 1912.0 188
340.8124 1950.0 188
341.1530 1988.0 188
341.4825 2020.0 188
341.7627 2056.0 188
342.0923 2100.0 188
342.4329 2148.0 188
342.7625 2216.0 188
343.0426 2300.0 188
343.3887 2368.0 188
343.7183 2412.0 188
343.9984 2460.0 188
344.3390 2512.0 188
344.6686 2560.0 188
345.0146 2616.0 188
345.3387 2664.0 188
345.6683 2720.0 188
345.9485 2788.0 188
346.2946 2868.0 188
346.6241 2944.0 188
346.9647 3016.0 188
347.2449 3080.0 188
347.5745 3128.0 188
347.9205 3220.0 188
348.2446 3348.0 188
348.5907 3496.0 188
348.8708 3656.0 188
349.2004 3760.0 188
349.5300 3816.0 188
349.8706 3864.0 188
350.2002 3888.0 188
350.5463 3900.0 188
350.8704 3892.0 188
351.2164 3892.0 188
351.5460 3900.0 188
351.8866 3904.0 188
