#RPLIDAR SCAN DATA
#COUNT=667
#Angule	Distance	Quality
352.3096 3892.0 188
352.6556 3924.0 188
352.9797 3956.0 188
353.3258 3980.0 188
353.6554 4008.0 188
353.9960 4064.0 188
354.2761 4120.0 188
354.6057 4144.0 188
354.9518 4176.0 188
355.2924 4208.0 188
355.6219 4232.0 188
355.9680 4248.0 188
356.2921 4224.0 188
356.6382 4232.0 188
356.9678 4272.0 188
357.3083 4344.0 188
357.6379 4400.0 188
357.9840 4408.0 188
358.3081 4400.0 188
358.6542 4392.0 188
358.9838 4384.0 188
359.3243 4376.0 188
359.6539 4376.0 188
0.0000 4376.0 188
0.3241 4368.0 188
0.6702 4360.0 188
0.9998 4352.0 188
1.3403 4328.0 188
1.6699 4320.0 188
2.0105 4320.0 188
2.3401 4280.0 188
2.6862 4232.0 188
3.0103 4232.0 188
3.3563 4264.0 188
3.6859 4280.0 188
4.0265 4256.0 188
4.3561 4248.0 188
4.7021 4248.0 188
5.0262 4248.0 188
5.3723 4248.0 188
5.7019 4256.0 188
6.0425 4296.0 188
6.3721 4320.0 188
6.7181 4376.0 188
7.0422 4472.0 188
7.3883 4520.0 188
7.6520 4976.0 188
7.9980 4968.0 188
8.3276 4984.0 188
8.6682 5016.0 188
8.9978 5032.0 188
9.3384 5088.0 188
9.6240 6432.0 188
9.9481 6448.0 188
10.2942 6440.0 188
10.6238 6392.0 188
10.9644 6360.0 188
11.2939 6288.0 188
11.6400 6288.0 188
11.9641 6320.0 188
12.3102 6336.0 188
12.6398 6360.0 188
12.9803 6320.0 188
13.3099 6280.0 188
13.7000 5960.0 188
14.0460 5872.0 188
14.3701 5840.0 188
14.7162 5840.0 188
15.0458 5680.0 188
15.3699 5528.0 188
15.7159 5528.0 188
16.0455 5576.0 188
16.3861 5520.0 188
16.7157 5448.0 188
17.0618 5432.0 188
17.3859 5448.0 188
17.7319 5480.0 188
18.0615 5504.0 188
18.4021 5488.0 188
18.7317 5496.0 188
19.0778 5536.0 188
19.4019 5560.0 188
19.7479 5600.0 188
20.0775 5680.0 188
20.4181 5728.0 188
20.7477 5736.0 188
21.7639 5800.0 188
54.2615 8464.0 188
54.9371 8416.0 188
55.9369 8416.0 188
56.9531 8440.0 188
58.9636 11632.0 188
59.9799 11736.0 188
60.9357 12992.0 188
62.9517 12320.0 188
64.0118 12280.0 188
64.6875 11632.0 188
65.0281 12232.0 188
65.3741 11712.0 188
65.6982 12104.0 188
66.0443 12056.0 188
66.3739 12072.0 188
67.0441 12160.0 188
68.0603 12272.0 188
69.0765 10800.0 188
70.7629 11208.0 188
71.0925 11168.0 188
74.1357 11264.0 188
74.4653 10840.0 188
75.1355 10768.0 188
76.1517 10720.0 188
76.8274 10768.0 188
77.1680 10768.0 188
77.5140 10656.0 188
77.8436 10648.0 188
78.1842 10632.0 188
78.5138 10504.0 188
78.8544 10496.0 188
79.1840 10480.0 188
79.5300 10464.0 188
80.2002 10512.0 188
80.5463 10400.0 188
80.8704 10032.0 188
81.2164 10008.0 188
81.5625 10104.0 188
81.8866 10072.0 188
82.2327 10048.0 188
83.2324 10160.0 188
84.2487 9504.0 188
84.5892 9384.0 188
84.9188 9296.0 188
85.2649 9360.0 188
85.6055 9376.0 188
85.9351 9488.0 188
86.2811 9600.0 188
86.6052 9568.0 188
86.9513 9544.0 188
87.2809 9552.0 188
87.6215 9624.0 188
87.9675 9608.0 188
88.2916 9512.0 188
88.6377 9432.0 188
88.9673 9264.0 188
89.3079 8920.0 188
89.6539 9016.0 188
89.9835 9136.0 188
90.3241 9176.0 188
90.6537 9216.0 188
90.9998 9320.0 188
91.3239 9480.0 188
91.6699 9512.0 188
92.0105 9384.0 188
92.3401 9328.0 188
92.6862 8840.0 188
93.4058 7680.0 188
93.7463 7704.0 188
94.0924 7760.0 188
94.4165 7792.0 188
94.7626 7752.0 188
95.0922 7664.0 188
95.4327 7624.0 188
95.7788 7712.0 188
96.1084 7784.0 188
96.4490 7816.0 188
96.7786 7856.0 188
97.1246 7872.0 188
97.4487 7888.0 188
97.7948 7864.0 188
98.1354 7784.0 188
98.4650 7648.0 188
98.8110 7536.0 188
99.1406 7528.0 188
99.4812 7600.0 188
99.8108 7688.0 188
100.1514 7680.0 188
100.4810 7680.0 188
100.8270 7720.0 188
101.1511 7696.0 188
101.4972 7712.0 188
101.8268 7616.0 188
102.1674 7424.0 188
102.4969 7344.0 188
102.8430 7248.0 188
103.1671 7176.0 188
103.5132 7120.0 188
103.8428 6968.0 188
104.1833 6872.0 188
104.5129 6864.0 188
104.8590 6856.0 188
105.1831 6904.0 188
105.5292 6824.0 188
105.8588 6760.0 188
106.5289 6768.0 188
107.1991 6680.0 188
107.5452 6680.0 188
108.2153 6696.0 188
108.5449 6688.0 188
108.8855 6824.0 188
109.2151 6936.0 188
109.5612 6920.0 188
109.8853 6528.0 188
110.2313 6432.0 188
110.5609 6392.0 188
111.2915 6088.0 188
111.6211 5688.0 188
111.9672 5640.0 188
112.2968 5528.0 188
112.6373 5424.0 188
112.9669 5368.0 188
113.3075 5296.0 188
113.6371 5160.0 188
113.9832 5032.0 188
114.3073 4992.0 188
114.6533 4984.0 188
115.0433 4880.0 188
115.3729 4768.0 188
115.7135 4816.0 188
116.0431 4808.0 188
116.3892 4760.0 188
116.7188 4608.0 188
117.0593 4416.0 188
117.3889 4336.0 188
117.7295 4296.0 188
118.0591 4224.0 188
118.4052 4168.0 188
118.7292 4144.0 188
119.0753 4136.0 188
119.4049 4120.0 188
119.7455 4128.0 188
120.0751 4112.0 188
120.4816 4076.0 188
120.8112 4052.0 188
121.1517 4024.0 188
121.4813 3988.0 188
121.8274 3948.0 188
122.1515 3936.0 188
122.4976 3920.0 188
122.8271 3892.0 188
123.1677 3860.0 188
123.4973 3852.0 188
123.8434 3876.0 188
124.1675 3952.0 188
124.5135 3984.0 188
124.8431 3960.0 188
125.1837 3976.0 188
125.5133 3976.0 188
125.8594 3960.0 188
126.1835 3964.0 188
126.5295 3960.0 188
126.8591 3968.0 188
127.1997 3972.0 188
127.5293 3964.0 188
127.8699 3960.0 188
128.1995 3948.0 188
128.5455 3932.0 188
128.8696 3944.0 188
129.2157 3944.0 188
129.5453 3940.0 188
129.8859 3948.0 188
130.2155 3948.0 188
130.5615 3952.0 188
130.8856 3992.0 188
131.4514 5864.0 188
131.7810 5856.0 188
132.1216 5872.0 188
132.4512 5864.0 188
132.7917 5848.0 188
133.1213 5848.0 188
133.4674 5848.0 188
133.7915 5760.0 188
134.1376 5664.0 188
134.4672 5672.0 188
134.8077 5664.0 188
135.1373 5648.0 188
135.4834 5616.0 188
135.8075 5592.0 188
136.1536 5576.0 188
136.4832 5536.0 188
136.8237 5504.0 188
137.1533 5504.0 188
137.4994 5480.0 188
137.8235 5432.0 188
138.1696 5448.0 188
138.4991 5424.0 188
138.8397 5304.0 188
139.1693 5232.0 188
139.5154 5192.0 188
139.8395 5104.0 188
140.1855 5016.0 188
140.5756 4904.0 188
140.9052 4840.0 188
141.2457 4840.0 188
141.5753 4824.0 188
141.9214 4800.0 188
142.2455 4784.0 188
142.5916 4768.0 188
142.9211 4768.0 188
143.2617 4760.0 188
143.5913 4776.0 188
143.9374 4792.0 188
144.2615 4800.0 188
144.5911 4800.0 188
144.9371 4808.0 188
145.2612 4808.0 188
145.6073 4808.0 188
145.9369 4816.0 188
146.2775 4816.0 188
146.6071 4808.0 188
146.9531 4792.0 188
147.2772 4792.0 188
147.6233 4784.0 188
147.9529 4776.0 188
148.2935 4792.0 188
148.6230 4784.0 188
148.9636 4760.0 188
149.2932 4752.0 188
149.6393 4768.0 188
149.9634 4776.0 188
150.3094 4776.0 188
150.6390 4760.0 188
150.9796 4744.0 188
151.3092 4744.0 188
151.6553 4744.0 188
151.9794 4736.0 188
152.3254 4712.0 188
152.6550 4704.0 188
152.9956 4704.0 188
153.3252 4712.0 188
153.6713 4712.0 188
153.9954 4712.0 188
154.3414 4696.0 188
154.6710 4696.0 188
155.0116 4680.0 188
155.3412 4656.0 188
155.6873 4648.0 188
156.0114 4624.0 188
156.3574 4600.0 188
156.6870 4552.0 188
157.0276 4520.0 188
157.3572 4488.0 188
157.6978 4464.0 188
158.0273 4448.0 188
158.3734 4416.0 188
158.7030 4440.0 188
159.0436 4480.0 188
159.3732 4504.0 188
159.7137 4464.0 188
160.0433 4400.0 188
160.3729 4400.0 188
160.7135 4408.0 188
161.0431 4400.0 188
161.3892 4392.0 188
161.7188 4416.0 188
162.0593 4416.0 188
162.3889 4416.0 188
162.7295 4408.0 188
163.0591 4408.0 188
163.4052 4424.0 188
163.7292 4432.0 188
164.0753 4440.0 188
164.4049 4440.0 188
164.7455 4448.0 188
165.0751 4448.0 188
165.4211 4440.0 188
165.7452 4440.0 188
166.0913 4432.0 188
166.4209 4432.0 188
166.7615 4432.0 188
167.0911 4408.0 188
167.4371 4384.0 188
167.7612 4352.0 188
168.1073 4280.0 188
168.4369 4224.0 188
168.9972 2488.0 188
169.3268 2484.0 188
169.6674 2472.0 188
169.9969 2472.0 188
170.3430 2476.0 188
170.6671 2460.0 188
171.0571 2444.0 188
171.4032 2440.0 188
171.7328 2444.0 188
172.0734 2444.0 188
172.4030 2440.0 188
172.7490 2440.0 188
173.0731 2444.0 188
173.4192 2440.0 188
173.7488 2432.0 188
174.0894 2428.0 188
174.4189 2428.0 188
174.7650 2428.0 188
175.0891 2420.0 188
175.4352 2416.0 188
175.7648 2424.0 188
176.1053 2412.0 188
176.4349 2404.0 188
176.7645 2408.0 188
177.1051 2404.0 188
177.4347 2380.0 188
177.7808 2364.0 188
178.1049 2364.0 188
178.4509 2356.0 188
178.7805 2352.0 188
179.1211 2344.0 188
179.4507 2340.0 188
179.7968 2344.0 188
180.1208 2352.0 188
180.4669 2352.0 188
180.7965 2352.0 188
181.1371 2356.0 188
181.4667 2360.0 188
181.8073 2360.0 188
182.1368 2364.0 188
182.4829 2376.0 188
182.8125 2384.0 188
183.1531 2376.0 188
183.4827 2376.0 188
183.8232 2384.0 188
184.1528 2380.0 188
184.4824 2372.0 188
184.8230 2368.0 188
185.1526 2364.0 188
185.4987 2360.0 188
185.8228 2352.0 188
186.1688 2344.0 188
186.4984 2340.0 188
186.8390 2324.0 188
187.1686 2312.0 188
187.5146 2296.0 188
187.8387 2276.0 188
188.1848 2256.0 188
188.5144 2244.0 188
188.9044 2228.0 188
189.2450 2232.0 188
189.5746 2224.0 188
189.9207 2192.0 188
190.2448 2188.0 188
190.5908 2192.0 188
190.9204 2192.0 188
191.2610 2184.0 188
191.5906 2168.0 188
191.9366 2144.0 188
192.2607 2112.0 188
192.6068 2068.0 188
192.9968 2036.0 188
193.3264 2032.0 188
193.6670 2024.0 188
193.9966 1994.0 188
194.3427 1912.0 188
194.7327 1840.0 188
195.0623 1826.0 188
195.4028 1822.0 188
195.7324 1772.0 188
196.1224 1656.0 188
196.5125 1572.0 188
196.8585 1542.0 188
197.2485 1518.0 188
197.5781 1504.0 188
197.9187 1490.0 188
198.2483 1476.0 188
198.5889 1466.0 188
198.9185 1456.0 188
199.3250 1440.0 188
199.6545 1422.0 188
199.9951 1412.0 188
200.3247 1400.0 188
200.6708 1386.0 188
201.0608 1366.0 188
201.3904 1338.0 188
201.7310 1300.0 188
202.1210 1270.0 188
202.4506 1254.0 188
202.7966 1238.0 188
203.1866 1228.0 188
203.5107 1218.0 188
203.8568 1206.0 188
204.1864 1196.0 188
204.5270 1186.0 188
204.8566 1178.0 188
205.2026 1172.0 188
205.5927 1168.0 188
205.9332 1162.0 188
206.2628 1150.0 188
206.6089 1138.0 188
206.9330 1134.0 188
207.2791 1136.0 188
207.6086 1140.0 188
207.9492 1136.0 188
208.2788 1124.0 188
208.6688 1116.0 188
209.0149 1106.0 188
209.3390 1096.0 188
209.6851 1084.0 188
210.0146 1074.0 188
210.4047 1066.0 188
210.7452 1060.0 188
211.0748 1056.0 188
211.4209 1042.0 188
211.7450 1028.0 188
212.4207 1028.0 188
297.5757 670.0 188
297.9218 670.0 188
298.2458 670.0 188
298.5919 670.0 188
298.9325 670.0 188
299.2621 670.0 188
299.6082 670.0 188
299.9323 670.0 188
300.2783 668.0 188
300.6079 670.0 188
300.9485 670.0 188
301.2781 672.0 188
301.6241 672.0 188
301.9482 674.0 188
302.2943 674.0 188
302.6404 676.0 188
302.9645 678.0 188
303.3105 682.0 188
303.5907 684.0 188
303.9203 686.0 188
304.2609 688.0 188
304.5905 692.0 188
304.9365 696.0 188
305.2606 700.0 188
305.6067 702.0 188
305.8868 704.0 188
306.2164 708.0 188
306.5625 714.0 188
306.8866 716.0 188
307.2327 718.0 188
307.5623 722.0 188
307.8424 726.0 188
308.1830 730.0 188
308.5291 734.0 188
308.8586 738.0 188
309.1992 742.0 188
309.4794 746.0 188
309.8090 750.0 188
310.1550 754.0 188
310.4791 756.0 188
310.8252 762.0 188
311.1548 766.0 188
311.4954 768.0 188
311.7810 774.0 188
312.1051 778.0 188
312.4512 784.0 188
312.7808 788.0 188
313.0609 794.0 188
313.4015 798.0 188
313.7311 802.0 188
314.0771 806.0 188
314.4177 810.0 188
314.7473 814.0 188
315.0934 818.0 188
315.3735 822.0 188
315.7031 828.0 188
316.0437 834.0 188
316.3733 838.0 188
316.7139 844.0 188
316.9995 850.0 188
317.3236 856.0 188
317.6697 862.0 188
317.9993 866.0 188
318.3398 870.0 188
318.6694 878.0 188
318.9496 882.0 188
319.2957 886.0 188
319.6198 892.0 188
319.9658 900.0 188
320.2954 904.0 188
320.6360 910.0 188
320.9216 916.0 188
321.2622 924.0 188
321.5918 930.0 188
321.9324 938.0 188
322.2620 944.0 188
322.5421 950.0 188
322.8882 960.0 188
323.2178 966.0 188
323.5583 974.0 188
323.8385 984.0 188
324.1681 992.0 188
324.5142 1000.0 188
324.8438 1008.0 188
325.1843 1016.0 188
325.4645 1026.0 188
325.7941 1032.0 188
326.1401 1040.0 188
326.4642 1050.0 188
326.8103 1064.0 188
327.0905 1076.0 188
327.4200 1086.0 188
327.7606 1096.0 188
328.0902 1102.0 188
328.4363 1108.0 188
328.7164 1120.0 188
329.0460 1130.0 188
329.3866 1138.0 188
329.7162 1156.0 188
329.9963 1176.0 188
330.3424 1192.0 188
330.6665 1210.0 188
331.0126 1222.0 188
331.2927 1236.0 188
331.6223 1254.0 188
331.9684 1264.0 188
332.2925 1276.0 188
332.5781 1296.0 188
332.9187 1314.0 188
333.2483 1330.0 188
333.5889 1348.0 188
333.9185 1364.0 188
334.1986 1378.0 188
334.5447 1402.0 188
334.8743 1422.0 188
335.2148 1438.0 188
335.4950 1456.0 188
335.8246 1478.0 188
336.1707 1502.0 188
336.4948 1520.0 188
336.7804 1542.0 188
337.1210 1570.0 188
337.4506 1592.0 188
337.7966 1622.0 188
338.0768 1652.0 188
338.4009 1678.0 188
338.7469 1700.0 188
339.0765 1726.0 188
339.4171 1756.0 188
339.7028 1792.0 188
340.0269 1824.0 188
340.3729 1854.0 188
340.7025 1886.0 188
340.9827 1914.0 188
341.3123 1946.0 188
341.6528 1994.0 188
341.9989 2038.0 188
342.2626 2084.0 188
342.6086 2140.0 188
342.9327 2220.0 188
343.2184 2288.0 188
343.5590 2336.0 188
343.8885 2400.0 188
344.1687 2460.0 188
344.5148 2504.0 188
344.8389 2544.0 188
345.1849 2568.0 188
345.5145 2588.0 188
345.8551 2624.0 188
346.1847 2700.0 188
346.4648 2784.0 188
346.8109 2836.0 188
347.1405 2900.0 188
347.4811 2984.0 188
347.8107 3072.0 188
348.0908 3148.0 188
348.4369 3228.0 188
348.7170 3540.0 188
349.0466 3604.0 188
349.3872 3692.0 188
349.7168 3728.0 188
350.0574 3752.0 188
350.3870 3788.0 188
350.7330 3820.0 188
351.0571 3828.0 188
351.4032 3832.0 188
351.7328 3848.0 188
