#RPLIDAR SCAN DATA
#COUNT=669
#Angule	Distance	Quality
352.2491 2920.0 188
352.5732 2932.0 188
352.9193 2948.0 188
353.2489 2964.0 188
353.5730 2968.0 188
353.9191 2996.0 188
354.7485 4312.0 188
355.0891 4288.0 188
355.4187 4256.0 188
355.7648 4256.0 188
356.0889 4256.0 188
356.4185 4248.0 188
356.7645 4248.0 188
357.0886 4256.0 188
357.4347 4264.0 188
357.7643 4240.0 188
358.1049 4224.0 188
358.4344 4232.0 188
358.7640 4200.0 188
359.1046 4176.0 188
359.4342 4192.0 188
359.7803 4200.0 188
0.1044 4208.0 188
0.4340 4288.0 188
0.7800 4368.0 188
1.1041 4384.0 188
1.4502 4376.0 188
1.7798 4384.0 188
2.1204 4368.0 188
2.4500 4352.0 188
2.7795 4336.0 188
3.1201 4328.0 188
3.4497 4328.0 188
3.7958 4344.0 188
4.1199 4368.0 188
4.4495 4408.0 188
4.7955 4456.0 188
5.1196 4480.0 188
5.4657 4520.0 188
5.7953 4536.0 188
6.1359 4552.0 188
6.4050 5096.0 188
6.7950 4704.0 188
7.1356 4696.0 188
7.4652 4664.0 188
7.8113 4640.0 188
8.1354 4640.0 188
8.4650 4656.0 188
8.8110 4664.0 188
9.1406 4696.0 188
9.4812 4728.0 188
9.8108 4736.0 188
10.1514 4760.0 188
10.4810 4760.0 188
10.8105 4768.0 188
11.1511 4808.0 188
11.4807 4832.0 188
11.8268 4864.0 188
12.1069 4920.0 188
12.4365 4952.0 188
12.7771 4992.0 188
13.1067 5032.0 188
13.4528 5088.0 188
13.7769 5168.0 188
14.1229 5328.0 188
14.4525 5448.0 188
14.7766 5432.0 188
15.1227 5440.0 188
15.4523 5448.0 188
15.7928 5464.0 188
16.1224 5472.0 188
16.4685 5488.0 188
16.7926 5520.0 188
17.1387 5528.0 188
17.4683 5568.0 188
17.8088 5632.0 188
18.1384 5640.0 188
18.4790 5656.0 188
18.8086 5648.0 188
19.1547 5648.0 188
19.4843 5688.0 188
19.8248 5720.0 188
20.1544 5768.0 188
20.4840 5808.0 188
20.8246 5864.0 188
52.9047 13800.0 188
55.9369 13704.0 188
57.2772 13752.0 188
57.9529 13760.0 188
63.3417 12344.0 188
64.0118 12296.0 188
65.0775 12224.0 188
65.4181 12072.0 188
65.7477 12120.0 188
66.0938 12160.0 188
66.4178 11856.0 188
66.7639 11904.0 188
67.0935 11896.0 188
67.4341 11920.0 188
68.1042 12008.0 188
69.1205 12008.0 188
69.4501 12024.0 188
70.1202 11712.0 188
70.4663 11280.0 188
70.7959 11712.0 188
71.1365 11336.0 188
72.4823 11344.0 188
73.1525 11376.0 188
73.4985 11304.0 188
74.1687 11296.0 188
76.1847 10944.0 188
77.2009 10912.0 188
79.2169 10376.0 188
79.8871 10040.0 188
80.2332 10008.0 188
80.5573 9888.0 188
80.9033 9784.0 188
81.2329 9696.0 188
81.5735 9728.0 188
81.9031 9744.0 188
82.2491 9448.0 188
82.5732 9528.0 188
82.9193 9552.0 188
83.2489 9392.0 188
83.5895 9336.0 188
83.9191 9408.0 188
84.2651 9488.0 188
84.5892 9512.0 188
84.9353 9464.0 188
85.2649 9464.0 188
85.6055 9424.0 188
85.9351 9408.0 188
86.2811 9480.0 188
86.6052 9552.0 188
86.9513 9584.0 188
87.2809 9592.0 188
87.6215 9528.0 188
87.9510 9400.0 188
88.2916 9360.0 188
88.6377 9384.0 188
88.9673 9328.0 188
89.3079 9152.0 188
89.6375 9080.0 188
89.9835 9096.0 188
90.3076 9128.0 188
90.6537 9240.0 188
90.9833 9336.0 188
91.3239 9424.0 188
91.6534 9440.0 188
91.9995 9464.0 188
92.3236 9432.0 188
92.6697 9288.0 188
93.3893 7768.0 188
93.7299 7744.0 188
94.0594 7768.0 188
94.4055 7800.0 188
94.7296 7800.0 188
95.0757 7768.0 188
95.4218 7704.0 188
95.7458 7736.0 188
96.0919 7784.0 188
96.4215 7800.0 188
96.7621 7832.0 188
97.0917 7896.0 188
97.4323 7848.0 188
97.7618 7752.0 188
98.1079 7824.0 188
98.4375 7808.0 188
98.7781 7816.0 188
99.1077 7936.0 188
99.4482 7864.0 188
99.7778 7744.0 188
100.1239 7720.0 188
100.4480 7760.0 188
100.7941 7752.0 188
101.1237 7712.0 188
101.4642 7592.0 188
101.7938 7440.0 188
102.1399 7400.0 188
102.4640 7360.0 188
102.8101 7040.0 188
103.1396 7008.0 188
103.4802 6904.0 188
103.8263 6832.0 188
104.1559 6776.0 188
104.4965 6744.0 188
104.8260 6728.0 188
105.1666 6704.0 188
105.4962 6656.0 188
105.8423 6560.0 188
106.1719 6496.0 188
106.5125 6440.0 188
106.8420 6408.0 188
107.1826 6384.0 188
107.5122 6328.0 188
107.8583 6320.0 188
108.1824 6280.0 188
108.5284 6208.0 188
108.9185 6072.0 188
109.2480 5936.0 188
109.5886 5896.0 188
109.9182 5800.0 188
110.2643 5768.0 188
110.5884 5728.0 188
110.9344 5632.0 188
111.2640 5584.0 188
111.6046 5576.0 188
111.9342 5560.0 188
112.2803 5528.0 188
112.6044 5560.0 188
112.9504 5568.0 188
113.2800 5568.0 188
113.6041 5520.0 188
113.9502 5448.0 188
114.2798 5416.0 188
114.6204 5000.0 188
114.9500 4992.0 188
115.2960 4952.0 188
115.6860 4912.0 188
116.0156 4888.0 188
116.3562 4752.0 188
116.6858 4568.0 188
117.0264 4512.0 188
117.3560 4472.0 188
117.7020 4432.0 188
118.0261 4432.0 188
118.3722 4408.0 188
118.7018 4400.0 188
119.0424 4376.0 188
119.3719 4352.0 188
119.7180 4320.0 188
120.0421 4304.0 188
120.3882 4264.0 188
120.7178 4200.0 188
121.0583 4168.0 188
121.3879 4160.0 188
121.7340 4120.0 188
122.1240 4072.0 188
122.4481 4052.0 188
122.7942 4016.0 188
123.1238 3968.0 188
123.4644 3944.0 188
123.7939 3936.0 188
124.1235 3908.0 188
124.4641 3884.0 188
124.7937 3880.0 188
125.1398 3872.0 188
125.4639 3876.0 188
125.8099 3860.0 188
126.1395 3848.0 188
126.4801 3856.0 188
126.8097 3816.0 188
127.1558 3768.0 188
127.4799 3772.0 188
127.8259 3768.0 188
128.1555 3736.0 188
128.4961 3704.0 188
128.8257 3696.0 188
129.1718 3696.0 188
129.4958 3696.0 188
129.8419 3668.0 188
130.1715 3636.0 188
130.5121 3628.0 188
130.8417 3620.0 188
131.1823 3596.0 188
131.5118 3580.0 188
131.8414 3572.0 188
132.1875 3584.0 188
132.7478 5336.0 188
133.0774 5344.0 188
133.4180 5336.0 188
133.7476 5320.0 188
134.0936 5328.0 188
134.4177 5328.0 188
134.7638 5336.0 188
135.0934 5344.0 188
135.4340 5312.0 188
135.7635 5312.0 188
136.1041 5312.0 188
136.4337 5264.0 188
136.7633 5208.0 188
137.1094 5152.0 188
137.4335 5040.0 188
137.7795 4920.0 188
138.1696 4848.0 188
138.4991 4512.0 188
138.8397 4504.0 188
139.1693 4496.0 188
139.5154 4568.0 188
139.8395 4696.0 188
140.1855 4744.0 188
140.5151 4736.0 188
140.8557 4712.0 188
141.1853 4752.0 188
141.5259 4784.0 188
141.8555 4752.0 188
142.1851 4752.0 188
142.5311 4744.0 188
142.8552 4752.0 188
143.2013 4744.0 188
143.5309 4728.0 188
143.8715 4728.0 188
144.2010 4728.0 188
144.5416 4720.0 188
144.8712 4712.0 188
145.2008 4720.0 188
145.5469 4696.0 188
145.8710 4688.0 188
146.2170 4672.0 188
146.5466 4648.0 188
146.8872 4664.0 188
147.2168 4640.0 188
147.5464 4616.0 188
147.8870 4608.0 188
148.2166 4600.0 188
148.5571 4584.0 188
148.8867 4568.0 188
149.2328 4568.0 188
149.5624 4576.0 188
149.9030 4560.0 188
150.2325 4576.0 188
150.5621 4576.0 188
150.9027 4552.0 188
151.2323 4544.0 188
151.5729 4544.0 188
151.9025 4536.0 188
152.2485 4528.0 188
152.5781 4528.0 188
152.9022 4528.0 188
153.2483 4520.0 188
153.5779 4504.0 188
153.9185 4488.0 188
154.2480 4456.0 188
154.5886 4424.0 188
154.9182 4400.0 188
155.2643 4368.0 188
155.5884 4320.0 188
155.9180 4264.0 188
156.2640 4264.0 188
156.5936 4280.0 188
156.9342 4280.0 188
157.2638 4272.0 188
157.6044 4248.0 188
157.9340 4240.0 188
158.2635 4240.0 188
158.6041 4232.0 188
158.9337 4216.0 188
159.2798 4160.0 188
159.6094 4112.0 188
159.9500 4112.0 188
160.2795 4104.0 188
160.6201 4104.0 188
160.9497 4104.0 188
161.3397 4080.0 188
161.6693 4076.0 188
162.0154 4068.0 188
162.3395 4056.0 188
162.6855 4048.0 188
163.0151 4020.0 188
163.3557 4008.0 188
163.6853 4004.0 188
164.0259 4004.0 188
164.3555 3996.0 188
164.6851 3972.0 188
165.0311 3968.0 188
165.3552 3972.0 188
165.7013 3976.0 188
166.0309 3972.0 188
166.3715 3952.0 188
166.7010 3964.0 188
167.0306 3972.0 188
167.3712 3952.0 188
167.7008 3948.0 188
168.0469 3948.0 188
168.3710 3936.0 188
168.7170 3940.0 188
169.0466 3952.0 188
169.3872 3964.0 188
169.7168 3972.0 188
170.0464 3972.0 188
170.3870 3992.0 188
170.7166 4004.0 188
171.0571 4012.0 188
171.3867 4024.0 188
171.7328 4012.0 188
172.0624 4000.0 188
172.4030 3988.0 188
172.7325 3972.0 188
173.0731 3976.0 188
173.6224 2408.0 188
173.9685 2404.0 188
174.2926 2388.0 188
174.6387 2368.0 188
174.9792 2360.0 188
175.3088 2352.0 188
175.6549 2348.0 188
175.9790 2360.0 188
176.3251 2368.0 188
176.6547 2364.0 188
176.9952 2356.0 188
177.3248 2348.0 188
177.6709 2372.0 188
177.9950 2408.0 188
178.3411 2432.0 188
178.6212 2480.0 188
178.9508 2532.0 188
179.2969 2532.0 188
179.6210 2524.0 188
179.9670 2520.0 188
180.2966 2516.0 188
180.6372 2516.0 188
180.9668 2516.0 188
181.3074 2512.0 188
181.6370 2504.0 188
181.9830 2508.0 188
182.3071 2512.0 188
182.6532 2504.0 188
182.9828 2508.0 188
183.3234 2524.0 188
183.6530 2528.0 188
183.9990 2536.0 188
184.3231 2544.0 188
184.6692 2548.0 188
185.0153 2552.0 188
185.3394 2548.0 188
185.6854 2548.0 188
186.0150 2556.0 188
186.3556 2532.0 188
186.6852 2500.0 188
187.0313 2484.0 188
187.3553 2460.0 188
187.7454 2428.0 188
188.0914 2404.0 188
188.4210 2392.0 188
188.7616 2368.0 188
189.0912 2336.0 188
189.4373 2312.0 188
189.7614 2300.0 188
190.1074 2284.0 188
190.4370 2244.0 188
190.8435 2192.0 188
191.1676 2156.0 188
191.5137 2140.0 188
191.8433 2136.0 188
192.1838 2132.0 188
192.5134 2112.0 188
192.8540 2088.0 188
193.1836 2060.0 188
193.5736 2032.0 188
193.9197 2014.0 188
194.2493 1966.0 188
194.5898 1894.0 188
194.9799 1852.0 188
195.3699 1726.0 188
195.7654 1594.0 188
196.1060 1572.0 188
196.4355 1552.0 188
196.8256 1534.0 188
197.1716 1522.0 188
197.4957 1512.0 188
197.8418 1504.0 188
198.1714 1476.0 188
198.5614 1442.0 188
198.9020 1418.0 188
199.2480 1394.0 188
199.5776 1374.0 188
199.9677 1360.0 188
200.3082 1350.0 188
200.6378 1338.0 188
200.9839 1324.0 188
201.3080 1312.0 188
201.6541 1296.0 188
202.0441 1282.0 188
202.3737 1270.0 188
202.7142 1258.0 188
203.0438 1246.0 188
203.3899 1236.0 188
203.7799 1226.0 188
204.1205 1220.0 188
204.4501 1214.0 188
204.7961 1206.0 188
205.1202 1202.0 188
205.4663 1196.0 188
205.7959 1192.0 188
206.1365 1194.0 188
206.4661 1188.0 188
206.8121 1182.0 188
207.1362 1176.0 188
207.5427 1164.0 188
207.8723 1154.0 188
208.2184 1144.0 188
208.5425 1134.0 188
208.8885 1120.0 188
209.2786 1110.0 188
209.6082 1100.0 188
209.9487 1088.0 188
210.2783 1078.0 188
210.6848 1068.0 188
211.0144 1060.0 188
211.3550 1054.0 188
211.6846 1052.0 188
212.3547 1046.0 188
297.5757 668.0 188
297.9218 668.0 188
298.2458 668.0 188
298.5919 668.0 188
298.9215 668.0 188
299.2621 668.0 188
299.5917 668.0 188
299.9323 670.0 188
300.2618 668.0 188
300.6079 668.0 188
300.9375 668.0 188
301.2781 668.0 188
301.6077 670.0 188
301.9482 670.0 188
302.2778 670.0 188
302.6239 672.0 188
302.9480 674.0 188
303.2941 676.0 188
303.6401 680.0 188
303.9642 682.0 188
304.2499 684.0 188
304.5905 688.0 188
304.9200 690.0 188
305.2606 692.0 188
305.5902 696.0 188
305.9363 700.0 188
306.2604 702.0 188
306.5460 708.0 188
306.8866 712.0 188
307.2162 714.0 188
307.5623 716.0 188
307.8864 722.0 188
308.1665 726.0 188
308.5126 730.0 188
308.8422 734.0 188
309.1827 738.0 188
309.5123 742.0 188
309.7925 748.0 188
310.1385 752.0 188
310.4681 756.0 188
310.8087 758.0 188
311.1383 762.0 188
311.4844 764.0 188
311.8085 768.0 188
312.0886 772.0 188
312.4347 776.0 188
312.7643 780.0 188
313.1049 784.0 188
313.4509 788.0 188
313.7805 792.0 188
314.0607 798.0 188
314.4012 802.0 188
314.7308 806.0 188
315.0769 810.0 188
315.4010 814.0 188
315.7471 818.0 188
316.0272 824.0 188
316.3568 828.0 188
316.7029 834.0 188
317.0270 838.0 188
317.3730 842.0 188
317.6532 848.0 188
317.9828 854.0 188
318.3234 862.0 188
318.6530 866.0 188
318.9990 872.0 188
319.3231 878.0 188
319.6088 882.0 188
319.9493 888.0 188
320.2789 894.0 188
320.6250 902.0 188
320.9491 908.0 188
321.2292 916.0 188
321.5753 924.0 188
321.9049 932.0 188
322.2455 938.0 188
322.5311 946.0 188
322.8552 954.0 188
323.2013 962.0 188
323.5419 972.0 188
323.8715 982.0 188
324.1516 992.0 188
324.4977 998.0 188
324.8273 1004.0 188
325.1678 1012.0 188
325.4974 1018.0 188
325.7776 1026.0 188
326.1237 1034.0 188
326.4478 1040.0 188
326.7938 1050.0 188
327.1234 1058.0 188
327.4640 1064.0 188
327.7496 1072.0 188
328.0737 1084.0 188
328.4198 1098.0 188
328.7494 1112.0 188
329.0295 1126.0 188
329.3701 1138.0 188
329.6997 1150.0 188
330.0458 1164.0 188
330.3259 1176.0 188
330.6555 1190.0 188
330.9961 1206.0 188
331.3257 1222.0 188
331.6058 1236.0 188
331.9519 1246.0 188
332.2760 1264.0 188
332.6221 1280.0 188
332.9517 1294.0 188
333.2318 1310.0 188
333.5779 1328.0 188
333.9020 1346.0 188
334.2480 1360.0 188
334.5282 1382.0 188
334.8578 1406.0 188
335.1984 1422.0 188
335.5280 1442.0 188
335.8081 1462.0 188
336.1542 1480.0 188
336.4838 1502.0 188
336.8243 1524.0 188
337.1045 1546.0 188
337.4341 1568.0 188
337.7802 1592.0 188
338.1042 1616.0 188
338.3899 1640.0 188
338.7140 1672.0 188
339.0601 1694.0 188
339.3896 1722.0 188
339.7302 1752.0 188
340.0104 1780.0 188
340.3400 1818.0 188
340.6860 1854.0 188
340.9662 1892.0 188
341.2958 1924.0 188
341.6364 1952.0 188
341.9659 1992.0 188
342.2955 2038.0 188
342.5757 2088.0 188
342.9218 2164.0 188
343.2019 2240.0 188
343.5260 2296.0 188
343.8721 2352.0 188
344.2017 2396.0 188
344.5422 2436.0 188
344.8718 2456.0 188
345.1520 2472.0 188
345.4980 2500.0 188
345.8276 2564.0 188
346.1517 2636.0 188
346.4978 2680.0 188
346.8274 2724.0 188
347.1075 2764.0 188
347.4481 2796.0 188
347.7777 2788.0 188
348.1238 2752.0 188
348.5138 2732.0 188
348.8434 2724.0 188
349.1840 2716.0 188
349.5135 2724.0 188
349.8541 2732.0 188
350.1398 2736.0 188
350.4639 2748.0 188
350.8099 2760.0 188
351.1395 2780.0 188
351.4801 2836.0 188
351.8097 2896.0 188
