#RPLIDAR SCAN DATA
#COUNT=639
#Angule	Distance	Quality
352.3260 2948.0 188
352.6666 2940.0 188
352.9962 2936.0 188
353.3258 2948.0 188
353.6719 2952.0 188
353.9960 2968.0 188
354.3420 3000.0 188
355.1715 4392.0 188
355.5121 4384.0 188
355.8417 4360.0 188
356.1823 4344.0 188
356.5118 4344.0 188
356.8414 4336.0 188
357.1875 4304.0 188
357.5116 4280.0 188
357.8577 4264.0 188
358.1873 4256.0 188
358.5278 4256.0 188
358.8574 4272.0 188
359.1980 4272.0 188
359.5276 4264.0 188
359.8572 4296.0 188
0.1978 4336.0 188
0.5273 4368.0 188
0.8734 4400.0 188
1.2030 4416.0 188
1.5436 4448.0 188
1.8732 4488.0 188
2.2028 4536.0 188
2.5433 4608.0 188
2.8729 4640.0 188
3.2135 4704.0 188
3.5431 4848.0 188
3.8232 5008.0 188
4.1693 5072.0 188
4.4989 4960.0 188
4.8889 4848.0 188
5.2185 4744.0 188
5.5591 4640.0 188
5.8887 4632.0 188
6.2292 4632.0 188
6.5588 4656.0 188
6.9049 4688.0 188
7.2290 4696.0 188
7.5751 4704.0 188
7.9047 4744.0 188
8.2452 4800.0 188
8.5748 4832.0 188
8.9209 4880.0 188
9.2010 4968.0 188
9.5306 5016.0 188
9.8712 5024.0 188
10.2008 5016.0 188
10.5469 4968.0 188
10.8710 4936.0 188
11.2170 4944.0 188
11.5466 4952.0 188
11.8872 4960.0 188
12.2168 4992.0 188
12.5574 5096.0 188
12.8870 5200.0 188
13.2330 5232.0 188
13.5571 5288.0 188
13.9032 5352.0 188
14.2328 5376.0 188
14.5734 5408.0 188
14.9030 5416.0 188
15.2490 5416.0 188
15.5731 5416.0 188
15.9192 5416.0 188
16.2488 5456.0 188
16.5894 5472.0 188
16.9189 5496.0 188
17.2650 5592.0 188
17.5891 5680.0 188
17.9352 6048.0 188
18.2153 6176.0 188
61.4960 13888.0 188
61.8256 13448.0 188
62.2321 11648.0 188
62.5616 11688.0 188
63.5779 11656.0 188
63.9020 11960.0 188
64.5776 12048.0 188
67.2803 12024.0 188
67.6044 11968.0 188
68.2800 11952.0 188
68.6206 11912.0 188
68.9667 11888.0 188
69.6368 11800.0 188
69.9664 11680.0 188
70.3125 11488.0 188
70.6366 11400.0 188
80.0574 9952.0 188
80.4034 9848.0 188
80.7495 9688.0 188
81.0736 9584.0 188
81.4197 9512.0 188
81.7493 9512.0 188
82.0898 9408.0 188
82.4194 9256.0 188
82.7655 9256.0 188
83.0896 9304.0 188
83.4357 9264.0 188
83.7653 9272.0 188
84.1058 9360.0 188
84.4354 9488.0 188
84.7760 9648.0 188
85.1221 9648.0 188
85.4517 9288.0 188
85.7922 9272.0 188
86.1218 9304.0 188
86.4679 9368.0 188
86.7920 9384.0 188
87.1381 9432.0 188
87.4677 9440.0 188
87.8082 9424.0 188
88.1378 9456.0 188
88.4839 9448.0 188
88.8245 9352.0 188
89.1541 9056.0 188
89.4946 9112.0 188
89.8242 9088.0 188
90.1703 9136.0 188
90.4999 9216.0 188
90.8405 9296.0 188
91.1700 9472.0 188
91.5106 9424.0 188
91.8402 9352.0 188
92.1863 9360.0 188
92.5104 9368.0 188
92.9169 8008.0 188
93.2465 7904.0 188
93.5925 7832.0 188
93.9166 7848.0 188
94.2627 7792.0 188
94.5923 7760.0 188
94.9329 7768.0 188
95.2625 7712.0 188
95.6085 7768.0 188
95.9326 7856.0 188
96.2787 7952.0 188
96.6248 8016.0 188
96.9489 7960.0 188
97.2949 7960.0 188
97.6245 7872.0 188
97.9651 7816.0 188
98.2947 7928.0 188
98.6353 7984.0 188
98.9648 7968.0 188
99.6405 7904.0 188
99.9811 7848.0 188
100.3271 7912.0 188
100.6512 7872.0 188
100.9973 7696.0 188
101.3269 7728.0 188
101.6675 7648.0 188
101.9971 7416.0 188
102.3431 7360.0 188
102.6672 7328.0 188
103.0133 7176.0 188
103.3429 6992.0 188
103.6670 6880.0 188
104.0131 6784.0 188
104.3427 6784.0 188
104.6832 6800.0 188
105.0128 6728.0 188
105.3589 6656.0 188
105.6830 6600.0 188
106.0291 6544.0 188
106.3586 6416.0 188
106.6827 6296.0 188
107.0288 6240.0 188
107.3584 6184.0 188
107.6990 6160.0 188
108.0890 6128.0 188
108.4186 6088.0 188
108.7646 6072.0 188
109.0887 6056.0 188
109.4183 5952.0 188
109.7644 5904.0 188
110.0885 5880.0 188
110.4346 5840.0 188
110.7642 5800.0 188
111.1047 5816.0 188
111.4343 5840.0 188
111.7804 5824.0 188
112.1045 5760.0 188
112.4341 5736.0 188
112.7802 5776.0 188
113.1042 5768.0 188
113.4503 5784.0 188
113.7799 5776.0 188
114.1205 5768.0 188
114.4501 5776.0 188
114.7797 5752.0 188
115.1202 5800.0 188
115.4498 5888.0 188
115.7959 5936.0 188
116.1200 5176.0 188
116.4661 5136.0 188
116.7957 5056.0 188
117.1362 4976.0 188
117.5262 4680.0 188
117.8558 4640.0 188
118.1854 4584.0 188
118.5260 4560.0 188
118.8556 4520.0 188
119.2017 4464.0 188
119.5313 4416.0 188
119.8718 4376.0 188
120.2014 4360.0 188
120.5310 4360.0 188
120.8716 4328.0 188
121.2012 4256.0 188
121.5417 4184.0 188
121.8713 4160.0 188
122.2174 4160.0 188
122.5415 4152.0 188
122.8876 4128.0 188
123.2172 4112.0 188
123.6072 4096.0 188
123.9368 4096.0 188
124.2773 4076.0 188
124.6069 4036.0 188
124.9530 4040.0 188
125.2771 4048.0 188
125.6232 4036.0 188
125.9528 4044.0 188
126.2933 4044.0 188
126.6229 4028.0 188
127.1832 5800.0 188
127.5128 5792.0 188
127.8589 5792.0 188
128.1830 5800.0 188
128.5126 5816.0 188
128.8586 5808.0 188
129.1827 5784.0 188
129.5288 5784.0 188
129.8584 5736.0 188
130.1990 5608.0 188
130.5286 5560.0 188
130.8582 5536.0 188
131.1987 5512.0 188
131.5283 5496.0 188
131.8744 5424.0 188
132.1985 5368.0 188
132.5446 5008.0 188
132.8741 4992.0 188
133.2147 4952.0 188
133.5443 4920.0 188
133.9343 4880.0 188
134.2639 4840.0 188
134.6045 4768.0 188
134.9341 4656.0 188
135.2802 4528.0 188
135.6042 4456.0 188
135.9503 4384.0 188
136.2799 4344.0 188
136.6205 4336.0 188
136.9501 4312.0 188
137.2797 4264.0 188
137.6202 4208.0 188
137.9498 4184.0 188
138.2959 4240.0 188
138.6200 4360.0 188
138.9661 4432.0 188
139.2957 4432.0 188
139.6362 4432.0 188
139.9658 4408.0 188
140.2954 4384.0 188
140.6360 4376.0 188
140.9656 4360.0 188
141.3116 4352.0 188
141.6357 4336.0 188
141.9818 4328.0 188
142.3114 4328.0 188
142.6520 4328.0 188
142.9816 4296.0 188
143.3276 4280.0 188
143.6517 4272.0 188
143.9813 4256.0 188
144.3274 4256.0 188
144.6515 4232.0 188
144.9976 4208.0 188
145.3271 4208.0 188
145.6677 4208.0 188
145.9973 4184.0 188
146.3434 4168.0 188
146.6675 4152.0 188
146.9971 4136.0 188
147.3431 4128.0 188
147.6672 4128.0 188
148.0133 4112.0 188
148.4033 4088.0 188
148.7329 4072.0 188
149.0735 4048.0 188
149.4031 4036.0 188
149.7491 4028.0 188
150.0732 4008.0 188
150.4028 3996.0 188
150.7489 3976.0 188
151.0730 3964.0 188
151.4191 3952.0 188
151.7487 3940.0 188
152.0892 3932.0 188
152.4188 3928.0 188
152.7649 3912.0 188
153.0890 3896.0 188
153.4351 3884.0 188
153.7646 3880.0 188
154.0887 3876.0 188
154.4348 3868.0 188
154.7644 3860.0 188
155.1050 3844.0 188
155.4346 3832.0 188
155.7806 3828.0 188
156.1047 3824.0 188
156.4508 3800.0 188
156.7804 3800.0 188
157.1045 3788.0 188
157.4506 3784.0 188
157.7802 3772.0 188
158.1207 3772.0 188
158.4503 3788.0 188
158.7964 3780.0 188
159.1205 3772.0 188
159.4666 3772.0 188
159.7961 3768.0 188
160.1202 3756.0 188
160.4663 3748.0 188
160.7959 3748.0 188
161.1365 3748.0 188
161.4661 3740.0 188
161.8121 3720.0 188
162.1362 3696.0 188
162.4823 3700.0 188
162.8119 3704.0 188
163.1360 3684.0 188
163.4821 3668.0 188
163.8116 3652.0 188
164.1522 3652.0 188
164.4818 3652.0 188
164.8279 3644.0 188
165.1520 3628.0 188
165.4980 3616.0 188
165.8276 3604.0 188
166.1682 3596.0 188
166.4978 3596.0 188
166.8274 3592.0 188
167.1680 3608.0 188
167.4976 3628.0 188
167.8436 3644.0 188
168.1677 3668.0 188
168.5138 3700.0 188
168.8434 3736.0 188
169.1840 3764.0 188
169.5135 3764.0 188
169.8431 3764.0 188
170.1837 3756.0 188
170.5133 3744.0 188
170.8594 3744.0 188
171.1835 3740.0 188
171.5295 3724.0 188
171.8591 3708.0 188
172.1832 3684.0 188
172.5293 3676.0 188
172.8589 3660.0 188
173.1995 3636.0 188
173.5291 3624.0 188
173.8696 3588.0 188
174.1992 3556.0 188
174.5453 3524.0 188
174.9353 3412.0 188
175.2649 3296.0 188
175.5890 3216.0 188
175.9351 3184.0 188
176.2646 3176.0 188
176.6052 3160.0 188
176.9348 3156.0 188
177.2809 3152.0 188
177.6050 3156.0 188
177.9346 3160.0 188
178.2806 3144.0 188
178.6047 3140.0 188
178.9508 3140.0 188
179.2804 3140.0 188
179.6210 3144.0 188
179.9506 3140.0 188
180.2966 3128.0 188
180.6207 3128.0 188
180.9503 3128.0 188
181.2964 3132.0 188
181.6205 3136.0 188
181.9666 3132.0 188
182.4060 2720.0 188
182.7466 2688.0 188
183.0762 2644.0 188
183.4167 2636.0 188
183.7463 2624.0 188
184.0924 2604.0 188
184.4165 2580.0 188
184.7461 2568.0 188
185.0922 2568.0 188
185.4218 2564.0 188
185.7623 2556.0 188
186.0919 2540.0 188
186.4325 2516.0 188
186.7621 2512.0 188
187.0917 2508.0 188
187.4323 2496.0 188
187.7618 2484.0 188
188.1079 2472.0 188
188.4979 2444.0 188
188.8275 2392.0 188
189.1681 2340.0 188
189.4977 2292.0 188
189.8438 2264.0 188
190.1678 2244.0 188
190.5579 2220.0 188
190.8875 2192.0 188
191.2335 2172.0 188
191.5576 2152.0 188
191.9037 2136.0 188
192.2333 2116.0 188
192.5739 2068.0 188
192.9639 2032.0 188
193.2935 2034.0 188
193.6395 1992.0 188
193.9636 1938.0 188
194.2932 1926.0 188
194.6393 1922.0 188
195.0293 1800.0 188
195.4193 1650.0 188
195.8093 1616.0 188
196.1389 1604.0 188
196.4795 1596.0 188
196.8091 1596.0 188
197.1552 1590.0 188
197.4792 1576.0 188
197.8088 1560.0 188
198.1549 1542.0 188
198.5449 1528.0 188
198.8745 1496.0 188
199.2151 1452.0 188
199.6051 1416.0 188
199.9347 1388.0 188
200.2808 1372.0 188
200.6708 1358.0 188
201.0114 1342.0 188
201.3409 1328.0 188
201.6870 1310.0 188
202.0770 1294.0 188
202.4011 1280.0 188
202.7472 1270.0 188
203.0768 1262.0 188
203.4174 1252.0 188
203.7469 1242.0 188
204.0930 1234.0 188
204.4830 1224.0 188
204.8071 1212.0 188
205.1532 1204.0 188
205.4993 1208.0 188
205.8234 1214.0 188
206.1694 1216.0 188
206.4990 1210.0 188
215.8868 145.0 188
216.2164 145.0 188
216.5625 145.0 188
216.9031 145.0 188
217.9688 144.0 188
297.4658 668.0 188
297.8119 666.0 188
298.1360 666.0 188
298.4821 668.0 188
298.8116 666.0 188
299.1522 666.0 188
299.4818 666.0 188
299.8279 666.0 188
300.1520 666.0 188
300.4980 666.0 188
300.8386 666.0 188
301.1682 666.0 188
301.5143 666.0 188
301.8384 666.0 188
302.1844 668.0 188
302.5140 668.0 188
302.8546 670.0 188
303.1842 674.0 188
303.5303 678.0 188
303.8544 680.0 188
304.2004 682.0 188
304.4806 684.0 188
304.8267 688.0 188
305.1563 690.0 188
305.4968 692.0 188
305.8264 696.0 188
306.1670 700.0 188
306.4966 702.0 188
306.7767 708.0 188
307.1228 710.0 188
307.4524 714.0 188
307.7930 716.0 188
308.1226 720.0 188
308.4027 724.0 188
308.7488 728.0 188
309.0894 732.0 188
309.4189 736.0 188
309.7650 740.0 188
310.0891 744.0 188
310.3748 748.0 188
310.7153 750.0 188
311.0449 752.0 188
311.3855 756.0 188
311.7151 760.0 188
312.0612 764.0 188
312.4017 768.0 188
312.6709 772.0 188
313.0115 774.0 188
313.3575 778.0 188
313.6871 782.0 188
314.0277 788.0 188
314.3079 794.0 188
314.6375 798.0 188
314.9835 802.0 188
315.3076 806.0 188
315.6537 810.0 188
315.9833 816.0 188
316.2634 822.0 188
316.6040 826.0 188
316.9336 830.0 188
317.2797 836.0 188
317.6202 840.0 188
317.9498 846.0 188
318.2300 852.0 188
318.5760 856.0 188
318.9056 862.0 188
319.2462 870.0 188
319.5758 876.0 188
319.8560 882.0 188
320.2020 888.0 188
320.5261 894.0 188
320.8722 898.0 188
321.2018 904.0 188
321.4819 912.0 188
321.8280 920.0 188
322.1686 928.0 188
322.4982 936.0 188
322.8387 944.0 188
323.1244 952.0 188
323.4485 958.0 188
323.7946 962.0 188
324.1241 968.0 188
324.4647 972.0 188
324.7943 980.0 188
325.0745 988.0 188
325.4205 1004.0 188
325.7446 1016.0 188
326.0303 1026.0 188
326.3708 1034.0 188
326.7169 1044.0 188
327.0465 1056.0 188
327.3871 1066.0 188
327.6672 1074.0 188
327.9968 1078.0 188
328.3429 1090.0 188
328.6670 1104.0 188
329.0131 1114.0 188
329.2932 1126.0 188
329.6228 1140.0 188
329.9634 1154.0 188
330.2930 1166.0 188
330.5731 1176.0 188
330.9027 1192.0 188
331.2488 1204.0 188
331.5729 1218.0 188
331.8585 1232.0 188
332.1991 1246.0 188
332.5287 1260.0 188
332.8748 1276.0 188
333.1989 1292.0 188
333.4790 1306.0 188
333.8086 1324.0 188
334.1547 1344.0 188
334.4843 1364.0 188
334.7644 1380.0 188
335.1050 1396.0 188
335.4346 1412.0 188
335.7806 1434.0 188
336.0608 1452.0 188
336.3904 1470.0 188
336.7310 1498.0 188
337.0605 1524.0 188
337.3407 1546.0 188
337.6703 1562.0 188
338.0109 1582.0 188
338.3405 1614.0 188
338.6206 1642.0 188
338.9667 1672.0 188
339.2963 1696.0 188
339.6368 1722.0 188
339.9664 1750.0 188
340.2466 1780.0 188
340.5762 1816.0 188
340.9167 1846.0 188
341.2463 1878.0 188
341.5265 1914.0 188
341.8726 1950.0 188
342.2021 1988.0 188
342.5427 2032.0 188
342.8229 2088.0 188
343.1525 2180.0 188
343.4326 2252.0 188
343.7622 2300.0 188
344.1083 2348.0 188
344.4324 2396.0 188
344.7784 2428.0 188
345.1080 2452.0 188
345.3882 2488.0 188
345.7343 2548.0 188
346.0583 2584.0 188
346.4044 2604.0 188
346.7340 2608.0 188
347.0581 2596.0 188
347.4042 2592.0 188
347.7338 2588.0 188
348.0743 2584.0 188
348.4039 2608.0 188
348.7500 2640.0 188
349.0741 2656.0 188
349.4202 2660.0 188
349.7498 2668.0 188
350.0903 2696.0 188
350.4199 2728.0 188
350.7001 2784.0 188
351.0461 2832.0 188
351.3702 2832.0 188
351.6998 2876.0 188
352.0459 2932.0 188
