#RPLIDAR SCAN DATA
#COUNT=603
#Angule	Distance	Quality
352.1997 2880.0 188
352.5293 2948.0 188
353.1995 2980.0 188
353.3698 4292.0 188
353.6993 4352.0 188
354.0289 4456.0 188
354.3750 4528.0 188
354.6991 4592.0 188
355.0452 4680.0 188
355.3748 4728.0 188
355.7153 4736.0 188
356.0449 4752.0 188
356.3855 4752.0 188
356.7151 4744.0 188
357.0612 4744.0 188
357.3853 4800.0 188
357.7148 4880.0 188
357.9950 4968.0 188
358.3411 5072.0 188
358.6707 5192.0 188
359.0112 5272.0 188
359.3408 5296.0 188
359.6869 5320.0 188
0.0110 5344.0 188
0.3406 5352.0 188
0.6866 5392.0 188
1.0107 5512.0 188
1.3568 5680.0 188
1.6370 6680.0 188
1.9666 6728.0 188
2.3071 6808.0 188
2.6367 6800.0 188
2.9663 6752.0 188
3.3124 6736.0 188
3.6365 6760.0 188
3.9825 6816.0 188
4.3121 6800.0 188
4.6527 6760.0 188
4.9823 6736.0 188
5.3723 5320.0 188
5.7184 5296.0 188
6.0425 5256.0 188
6.3721 5232.0 188
6.7181 5232.0 188
7.0422 5208.0 188
7.3883 5208.0 188
7.7179 5256.0 188
8.0585 5296.0 188
8.3386 6784.0 188
8.6682 6784.0 188
8.9978 6808.0 188
9.3384 6824.0 188
10.0140 6784.0 188
63.6823 13152.0 188
64.3579 13200.0 188
77.8546 11904.0 188
78.5303 11896.0 188
79.5465 11184.0 188
82.9028 9224.0 188
83.2489 9232.0 188
83.5730 9248.0 188
83.9191 9320.0 188
84.2487 9384.0 188
84.5892 9392.0 188
84.9188 9392.0 188
85.2649 9280.0 188
85.5890 9256.0 188
85.9351 9360.0 188
86.6052 9312.0 188
86.9348 9304.0 188
87.2809 9376.0 188
87.6050 9376.0 188
87.9510 9368.0 188
88.2806 9368.0 188
88.6212 9360.0 188
88.9508 9368.0 188
89.2969 8976.0 188
89.6210 9056.0 188
89.9670 9216.0 188
90.2966 9288.0 188
90.6372 9248.0 188
90.9668 9312.0 188
91.3074 9464.0 188
91.6370 9472.0 188
91.9830 9400.0 188
92.3071 9344.0 188
92.6532 9328.0 188
93.3728 7632.0 188
93.7134 7680.0 188
94.0430 7688.0 188
94.3890 7712.0 188
94.7186 7792.0 188
95.0592 7736.0 188
95.3888 7752.0 188
95.7294 7872.0 188
96.0590 7960.0 188
96.4050 7960.0 188
96.7291 7952.0 188
97.0752 8056.0 188
97.4048 8064.0 188
97.7454 8064.0 188
98.0750 8120.0 188
98.4210 8144.0 188
98.7451 8144.0 188
99.0912 8104.0 188
99.4208 8072.0 188
99.7614 7944.0 188
100.0909 7640.0 188
100.4370 7744.0 188
100.7611 7752.0 188
101.1072 7704.0 188
101.4368 7712.0 188
101.7773 7728.0 188
102.7771 7344.0 188
103.1232 6984.0 188
103.4528 6984.0 188
103.7933 6944.0 188
104.1229 6896.0 188
104.4635 6880.0 188
104.7931 6832.0 188
105.1392 6808.0 188
105.4688 6760.0 188
105.8093 6728.0 188
106.1389 6680.0 188
106.4795 6624.0 188
106.8091 6592.0 188
107.1552 6512.0 188
107.4792 6512.0 188
107.8253 6512.0 188
108.1549 6456.0 188
108.4955 6464.0 188
108.8251 6392.0 188
109.1711 6304.0 188
109.4952 6256.0 188
109.8413 6240.0 188
110.1709 6336.0 188
110.5115 6440.0 188
110.8411 6440.0 188
111.1871 6360.0 188
111.5112 6336.0 188
111.8573 6392.0 188
112.1869 6392.0 188
112.5275 6376.0 188
112.8571 6376.0 188
113.2031 6384.0 188
113.5272 6384.0 188
113.8733 6384.0 188
114.2029 6320.0 188
114.5435 6256.0 188
114.8730 6224.0 188
115.2136 6160.0 188
115.6091 6120.0 188
115.9332 6056.0 188
116.2793 5952.0 188
116.6089 5888.0 188
116.9495 5864.0 188
117.2791 5800.0 188
117.6196 5856.0 188
117.9053 6440.0 188
118.2294 6464.0 188
118.5754 6448.0 188
118.9050 6336.0 188
119.2456 6208.0 188
119.6356 6128.0 188
119.9652 6064.0 188
120.3113 6024.0 188
120.6354 6008.0 188
120.9814 5968.0 188
121.3110 5944.0 188
121.6516 5912.0 188
121.9812 5880.0 188
122.3273 5872.0 188
122.6514 5872.0 188
122.9810 5816.0 188
123.3270 5792.0 188
123.6511 5744.0 188
123.9972 5688.0 188
124.3268 5704.0 188
124.6674 5704.0 188
124.9969 5680.0 188
125.3430 5600.0 188
125.6671 5520.0 188
126.0132 5480.0 188
126.3428 5592.0 188
126.6833 5712.0 188
127.0129 5720.0 188
127.3590 5736.0 188
127.6831 5728.0 188
128.0292 5736.0 188
128.3588 5768.0 188
128.6993 5784.0 188
129.0289 5776.0 188
129.3750 5768.0 188
129.6991 5768.0 188
130.0452 5760.0 188
130.3748 5224.0 188
130.6989 5144.0 188
131.0449 5048.0 188
131.3745 5024.0 188
131.7151 5008.0 188
132.0447 4968.0 188
132.3853 4928.0 188
132.7808 4888.0 188
133.1049 4840.0 188
133.4509 4784.0 188
133.7805 4744.0 188
134.1211 4696.0 188
134.4507 4664.0 188
134.7968 4608.0 188
135.1208 4512.0 188
135.4669 4416.0 188
135.7965 4352.0 188
136.1371 4296.0 188
136.4667 4248.0 188
136.8073 4216.0 188
137.1368 4200.0 188
137.4829 4184.0 188
137.8125 4176.0 188
138.1531 4168.0 188
138.4827 4168.0 188
138.8232 4176.0 188
139.1528 4192.0 188
139.4824 4192.0 188
139.8230 4176.0 188
140.1526 4160.0 188
140.4987 4152.0 188
140.8228 4136.0 188
141.1688 4136.0 188
141.4984 4128.0 188
141.8390 4112.0 188
142.2290 4084.0 188
142.5586 4076.0 188
142.9047 4072.0 188
143.2343 4048.0 188
143.5748 4024.0 188
143.9044 4012.0 188
144.2450 3988.0 188
144.5746 3968.0 188
144.9207 3972.0 188
145.2448 3972.0 188
145.5908 3968.0 188
145.9204 3972.0 188
146.2610 3980.0 188
146.5906 3984.0 188
146.9366 3996.0 188
147.2607 3984.0 188
147.6068 3992.0 188
147.9364 4024.0 188
148.2770 4012.0 188
148.6066 3988.0 188
148.9362 3972.0 188
149.2767 3960.0 188
149.6228 3952.0 188
149.9524 3944.0 188
150.2765 3928.0 188
150.6226 3920.0 188
150.9521 3912.0 188
151.2927 3892.0 188
151.6223 3884.0 188
151.9684 3888.0 188
152.2925 3888.0 188
152.6385 3884.0 188
152.9681 3868.0 188
153.3087 3860.0 188
153.6383 3856.0 188
153.9844 3840.0 188
154.3085 3820.0 188
154.6545 3788.0 188
154.9841 3760.0 188
155.3247 3728.0 188
155.6543 3680.0 188
155.9949 3640.0 188
156.3245 3628.0 188
156.6705 3636.0 188
156.9946 3616.0 188
157.3407 3588.0 188
157.6703 3580.0 188
158.0109 3564.0 188
158.3405 3552.0 188
158.6865 3552.0 188
159.0106 3544.0 188
159.3567 3532.0 188
159.7467 3508.0 188
160.0763 3492.0 188
160.4169 3484.0 188
160.7465 3468.0 188
161.0925 3452.0 188
161.4166 3432.0 188
161.7627 3424.0 188
162.0923 3412.0 188
162.4329 3400.0 188
162.7625 3384.0 188
163.1085 3372.0 188
163.4326 3360.0 188
163.7787 3364.0 188
164.1083 3356.0 188
164.4489 3348.0 188
164.7784 3376.0 188
165.1245 3416.0 188
165.4486 3464.0 188
165.7947 3504.0 188
166.0583 3524.0 188
166.4648 3512.0 188
166.7944 3464.0 188
167.1405 3444.0 188
167.4646 3456.0 188
167.8107 3472.0 188
168.1403 3472.0 188
168.4644 3476.0 188
168.8104 3484.0 188
169.1400 3492.0 188
169.4806 3492.0 188
169.8102 3504.0 188
170.1563 3508.0 188
170.4803 3500.0 188
170.7605 3516.0 188
171.1066 3516.0 188
171.4966 3500.0 188
171.8262 3488.0 188
172.1667 3476.0 188
172.4963 3480.0 188
172.8424 3468.0 188
173.1665 3444.0 188
173.5126 3444.0 188
173.8422 3436.0 188
174.1827 3424.0 188
174.5123 3412.0 188
174.8584 3392.0 188
175.1825 3372.0 188
175.5286 3340.0 188
175.8582 3296.0 188
176.1987 3264.0 188
176.5283 3236.0 188
176.8744 3212.0 188
177.1985 3204.0 188
177.5446 3192.0 188
177.8741 3172.0 188
178.2147 3164.0 188
178.5443 3156.0 188
178.8904 3144.0 188
179.2145 3140.0 188
179.5605 3132.0 188
179.8901 3120.0 188
180.2307 3096.0 188
180.5603 3076.0 188
180.9503 3072.0 188
181.2964 3064.0 188
181.6205 3052.0 188
181.9666 3048.0 188
182.2961 3044.0 188
182.6367 3048.0 188
182.9663 3040.0 188
183.3124 3016.0 188
183.6365 3000.0 188
183.9825 2972.0 188
184.3121 2940.0 188
184.6527 2924.0 188
184.9823 2916.0 188
185.3229 2904.0 188
185.6525 2896.0 188
185.9985 2872.0 188
186.3281 2840.0 188
186.6687 2824.0 188
186.9983 2816.0 188
187.3389 2812.0 188
187.6685 2812.0 188
188.0585 2688.0 188
188.4045 2532.0 188
188.7341 2472.0 188
189.1241 2404.0 188
189.4647 2328.0 188
189.7943 2280.0 188
190.1404 2256.0 188
190.4645 2236.0 188
190.8545 2212.0 188
191.2006 2168.0 188
191.5302 2140.0 188
191.8707 2132.0 188
192.2003 2108.0 188
192.5464 2080.0 188
192.8705 2052.0 188
193.2770 2016.0 188
193.6066 1984.0 188
193.9526 1960.0 188
194.2767 1952.0 188
194.6228 1946.0 188
194.9524 1946.0 188
195.2930 1922.0 188
195.6226 1912.0 188
195.9686 1898.0 188
196.4026 1738.0 188
196.7926 1598.0 188
197.1387 1592.0 188
197.4683 1598.0 188
197.8088 1604.0 188
198.1384 1602.0 188
198.4790 1588.0 188
198.8086 1574.0 188
199.1986 1530.0 188
199.5447 1486.0 188
199.8743 1452.0 188
200.2643 1420.0 188
200.6049 1402.0 188
200.9344 1384.0 188
201.3245 1366.0 188
201.6705 1350.0 188
201.9946 1336.0 188
202.3407 1320.0 188
202.6703 1308.0 188
203.0109 1302.0 188
203.3405 1296.0 188
203.6865 1298.0 188
204.0106 1302.0 188
204.3567 1300.0 188
204.7467 1294.0 188
205.0928 1282.0 188
205.4169 1268.0 188
205.7629 1256.0 188
206.0925 1242.0 188
206.4825 1228.0 188
206.8231 1214.0 188
207.1527 1204.0 188
207.4988 1194.0 188
207.8229 1182.0 188
208.2184 1168.0 188
208.5590 1154.0 188
208.8885 1142.0 188
209.2291 1130.0 188
209.6246 1116.0 188
209.9487 1104.0 188
210.2948 1092.0 188
210.6244 1086.0 188
210.9650 1080.0 188
211.2946 1072.0 188
211.6846 1064.0 188
297.4658 666.0 188
297.8119 666.0 188
298.1360 666.0 188
298.5260 664.0 188
298.8721 662.0 188
299.2017 662.0 188
299.5422 662.0 188
299.8718 662.0 188
300.2179 662.0 188
300.5420 664.0 188
300.8881 664.0 188
301.2177 664.0 188
301.5582 664.0 188
301.9043 662.0 188
302.2339 664.0 188
302.5140 666.0 188
302.8546 668.0 188
303.1842 670.0 188
303.5303 672.0 188
303.8544 676.0 188
304.2004 678.0 188
304.5300 680.0 188
304.8706 682.0 188
305.1563 686.0 188
305.4803 690.0 188
305.8264 694.0 188
306.1560 696.0 188
306.4966 700.0 188
306.8262 702.0 188
307.1063 706.0 188
307.4524 708.0 188
307.7765 712.0 188
308.1226 714.0 188
308.4521 718.0 188
308.7927 720.0 188
309.0729 724.0 188
309.4025 728.0 188
309.7485 732.0 188
310.0891 738.0 188
310.4187 740.0 188
310.7648 744.0 188
311.0449 748.0 188
311.3745 752.0 188
311.7151 756.0 188
312.0447 762.0 188
312.3853 766.0 188
312.6709 770.0 188
312.9950 774.0 188
313.3246 778.0 188
313.6707 782.0 188
313.9948 784.0 188
314.3408 788.0 188
314.6210 794.0 188
314.9506 798.0 188
315.2966 802.0 188
315.6207 806.0 188
315.9668 812.0 188
316.2964 814.0 188
316.5765 820.0 188
316.9171 826.0 188
317.2467 832.0 188
317.5928 838.0 188
317.9169 842.0 188
318.2629 846.0 188
318.5431 850.0 188
318.8727 854.0 188
319.2188 862.0 188
319.5428 868.0 188
319.8889 874.0 188
320.1526 882.0 188
320.4987 888.0 188
320.8228 894.0 188
321.1688 900.0 188
321.4984 906.0 188
321.8390 910.0 188
322.1246 918.0 188
322.4487 926.0 188
322.7948 932.0 188
323.1244 940.0 188
323.4045 948.0 188
323.7451 954.0 188
324.0747 958.0 188
324.4208 964.0 188
324.7449 974.0 188
325.0305 984.0 188
325.3711 992.0 188
325.7007 1002.0 188
326.0468 1014.0 188
326.3708 1020.0 188
326.6510 1026.0 188
326.9806 1038.0 188
327.3267 1046.0 188
327.6563 1054.0 188
327.9968 1066.0 188
328.2770 1078.0 188
328.6066 1090.0 188
328.9526 1100.0 188
329.2767 1112.0 188
329.5624 1122.0 188
329.9030 1138.0 188
330.2325 1152.0 188
330.5731 1162.0 188
330.8588 1176.0 188
331.1829 1188.0 188
331.5289 1200.0 188
331.8585 1216.0 188
332.1387 1232.0 188
332.4683 1244.0 188
332.8088 1258.0 188
333.1384 1276.0 188
333.4790 1290.0 188
333.7646 1308.0 188
334.0887 1324.0 188
334.4348 1340.0 188
334.7644 1356.0 188
335.0446 1372.0 188
335.3906 1394.0 188
335.7147 1406.0 188
336.0608 1426.0 188
336.3409 1450.0 188
336.6705 1470.0 188
337.0111 1492.0 188
337.3407 1516.0 188
337.6208 1540.0 188
337.9504 1562.0 188
338.2965 1588.0 188
338.6206 1618.0 188
338.9063 1644.0 188
339.2468 1664.0 188
339.5764 1686.0 188
339.9170 1718.0 188
340.2466 1752.0 188
340.5267 1782.0 188
340.8728 1816.0 188
341.2024 1858.0 188
341.4825 1900.0 188
341.8231 1944.0 188
342.1527 1978.0 188
342.4823 2014.0 188
342.7625 2052.0 188
343.1085 2108.0 188
343.4326 2180.0 188
343.7183 2236.0 188
344.0588 2280.0 188
344.3884 2332.0 188
344.7290 2372.0 188
345.0586 2412.0 188
345.3387 2464.0 188
345.6683 2512.0 188
346.0144 2564.0 188
346.3385 2600.0 188
346.6846 2632.0 188
347.0142 2652.0 188
347.3547 2652.0 188
347.6843 2656.0 188
348.0139 2672.0 188
348.3545 2688.0 188
348.6841 2692.0 188
349.0302 2696.0 188
349.3103 2736.0 188
349.6399 2772.0 188
349.9805 2796.0 188
350.3101 2820.0 188
350.6396 2824.0 188
350.9802 2816.0 188
351.3098 2820.0 188
351.6559 2820.0 188
351.9800 2832.0 188
