#RPLIDAR SCAN DATA
#COUNT=586
#Angule	Distance	Quality
352.3096 3568.0 188
352.6556 3724.0 188
352.9797 3840.0 188
353.3258 3912.0 188
353.6554 3992.0 188
353.9355 4128.0 188
354.2651 4536.0 188
354.5453 5056.0 188
354.8859 5440.0 188
355.2155 5480.0 188
355.5450 5544.0 188
355.8856 5584.0 188
356.2152 5624.0 188
356.5613 5696.0 188
356.8854 5800.0 188
357.9016 5944.0 188
358.1708 6928.0 188
358.5114 6952.0 188
358.8409 7008.0 188
359.1870 7040.0 188
359.8572 7056.0 188
0.1868 7064.0 188
0.5273 7040.0 188
0.8569 6984.0 188
1.2030 6896.0 188
1.5271 6856.0 188
1.8567 6864.0 188
2.2028 6888.0 188
2.5269 6864.0 188
2.8729 6816.0 188
3.2025 6832.0 188
3.5431 6896.0 188
3.8727 7000.0 188
4.2188 6968.0 188
4.5428 6864.0 188
4.8724 6816.0 188
6.2183 6816.0 188
6.5588 6816.0 188
6.8884 6864.0 188
7.2290 6960.0 188
7.8882 6984.0 188
63.1989 14160.0 188
83.7762 9408.0 188
84.1223 9320.0 188
84.4519 9248.0 188
84.7925 9352.0 188
85.1221 9424.0 188
85.4681 9376.0 188
85.7922 9400.0 188
86.4679 9448.0 188
87.4841 9520.0 188
87.8082 9416.0 188
88.1543 9296.0 188
88.4839 9304.0 188
88.8245 9312.0 188
89.1541 9360.0 188
89.4946 9288.0 188
89.8242 9256.0 188
90.1703 9288.0 188
90.4999 9248.0 188
90.8405 9232.0 188
91.1700 9296.0 188
91.5106 9352.0 188
91.8402 9344.0 188
92.1863 9344.0 188
92.5104 9368.0 188
92.9059 8032.0 188
93.2465 7912.0 188
93.5760 7744.0 188
93.9166 7688.0 188
94.2462 7720.0 188
94.5923 7760.0 188
94.9219 7696.0 188
95.2625 7696.0 188
95.5920 7840.0 188
95.9326 7896.0 188
96.2622 7952.0 188
96.6083 7992.0 188
96.9324 7984.0 188
97.2784 8024.0 188
97.6080 8064.0 188
97.9486 8128.0 188
98.2782 8160.0 188
98.6243 8168.0 188
98.9484 8160.0 188
99.2944 8048.0 188
99.6240 7984.0 188
99.9646 7944.0 188
100.2942 7808.0 188
100.6403 7776.0 188
100.9644 7840.0 188
101.3104 7904.0 188
101.6400 7856.0 188
101.9806 7856.0 188
102.3102 7768.0 188
102.6563 7304.0 188
102.9803 7232.0 188
103.3264 7136.0 188
103.6560 7128.0 188
103.9966 7048.0 188
104.3262 6984.0 188
104.6667 6992.0 188
104.9963 6976.0 188
105.3424 6960.0 188
105.6665 6912.0 188
106.0126 6888.0 188
106.3422 6824.0 188
106.6827 6768.0 188
107.0123 6824.0 188
107.3584 6864.0 188
107.6825 6848.0 188
108.0286 6760.0 188
108.3582 6672.0 188
108.6987 6656.0 188
109.0283 6680.0 188
109.3744 6744.0 188
109.6985 6800.0 188
110.0446 6696.0 188
110.3741 6632.0 188
110.7147 6600.0 188
111.0443 6536.0 188
111.3904 6488.0 188
111.7145 6440.0 188
112.0605 6408.0 188
112.3901 6360.0 188
112.7307 6352.0 188
113.0603 6320.0 188
113.4009 6312.0 188
113.7305 6288.0 188
114.0765 6280.0 188
114.4061 6376.0 188
114.7467 6384.0 188
115.0763 6312.0 188
115.4169 6288.0 188
115.7465 6216.0 188
116.0925 6160.0 188
116.4166 6528.0 188
116.7627 6520.0 188
117.0923 6472.0 188
117.4329 6424.0 188
117.7625 6368.0 188
118.0920 6320.0 188
118.4326 6256.0 188
118.7622 6208.0 188
119.1522 6144.0 188
119.4983 6096.0 188
119.8279 6032.0 188
120.1685 5944.0 188
120.4980 5928.0 188
120.8386 5904.0 188
121.1682 5832.0 188
121.5143 5816.0 188
121.8384 5848.0 188
122.1844 5888.0 188
122.5140 5896.0 188
122.8436 5888.0 188
123.1842 5936.0 188
123.5138 5952.0 188
123.8544 5952.0 188
124.1840 5984.0 188
124.5300 6000.0 188
124.8541 5984.0 188
125.2002 5976.0 188
125.5298 5984.0 188
125.8704 5992.0 188
126.2000 5968.0 188
126.5460 5968.0 188
126.8701 5992.0 188
127.1997 5984.0 188
127.5458 5944.0 188
127.8699 5928.0 188
128.2159 5904.0 188
128.5455 5416.0 188
128.8861 5272.0 188
129.2157 5080.0 188
129.5618 5024.0 188
129.8859 4992.0 188
130.2319 4952.0 188
130.5615 4920.0 188
130.9515 4888.0 188
131.2921 4856.0 188
131.6217 4816.0 188
131.9513 4768.0 188
132.2919 4736.0 188
132.6215 4712.0 188
132.9675 4672.0 188
133.2916 4616.0 188
133.6377 4584.0 188
133.9673 4536.0 188
134.3079 4504.0 188
134.6375 4472.0 188
134.9835 4432.0 188
135.3076 4384.0 188
135.6372 4368.0 188
135.9833 4344.0 188
136.3074 4312.0 188
136.6534 4272.0 188
136.9830 4256.0 188
137.3236 4256.0 188
137.6532 4224.0 188
137.9993 4184.0 188
138.3234 4184.0 188
138.6694 4176.0 188
138.9990 4144.0 188
139.3231 4128.0 188
139.6692 4128.0 188
139.9988 4120.0 188
140.3394 4112.0 188
140.6689 4112.0 188
141.0150 4104.0 188
141.4050 4080.0 188
141.7291 4072.0 188
142.0752 4064.0 188
142.4048 4040.0 188
142.7454 4016.0 188
143.0750 4024.0 188
143.4210 4008.0 188
143.7451 3996.0 188
144.0747 3980.0 188
144.4208 3952.0 188
144.7449 3932.0 188
145.0909 3904.0 188
145.4205 3884.0 188
145.7611 3860.0 188
146.0907 3860.0 188
146.4368 3856.0 188
146.7609 3848.0 188
147.1069 3832.0 188
147.4365 3828.0 188
147.7771 3828.0 188
148.1067 3820.0 188
148.4363 3808.0 188
148.7769 3796.0 188
149.1064 3776.0 188
149.4525 3760.0 188
149.7766 3752.0 188
150.1227 3744.0 188
150.4523 3740.0 188
150.7928 3728.0 188
151.1224 3724.0 188
151.4685 3716.0 188
151.7926 3700.0 188
152.1387 3680.0 188
152.4683 3688.0 188
152.7924 3680.0 188
153.1384 3636.0 188
153.4680 3592.0 188
153.8086 3576.0 188
154.1382 3556.0 188
154.4843 3540.0 188
154.8083 3540.0 188
155.1544 3536.0 188
155.4840 3520.0 188
155.8246 3520.0 188
156.1542 3516.0 188
156.5442 3496.0 188
156.8903 3488.0 188
157.2144 3496.0 188
157.5439 3488.0 188
157.8900 3480.0 188
158.2141 3484.0 188
158.5602 3476.0 188
158.8898 3472.0 188
159.2303 3476.0 188
159.5599 3480.0 188
159.9060 3476.0 188
160.2301 3500.0 188
160.5103 3524.0 188
160.8398 3532.0 188
161.1859 3556.0 188
161.5155 3580.0 188
161.8561 3620.0 188
162.1857 3664.0 188
162.5262 3628.0 188
162.8558 3556.0 188
163.2458 3472.0 188
163.5919 3436.0 188
163.9215 3460.0 188
164.2621 3468.0 188
164.5917 3472.0 188
164.9213 3472.0 188
165.2618 3464.0 188
165.5914 3464.0 188
165.9375 3476.0 188
166.2616 3484.0 188
166.6077 3488.0 188
166.9373 3488.0 188
167.2778 3488.0 188
167.6074 3508.0 188
167.9480 3512.0 188
168.2776 3508.0 188
168.6237 3512.0 188
168.8873 3524.0 188
169.2334 3528.0 188
169.6234 3496.0 188
169.9530 3484.0 188
170.2936 3488.0 188
170.6232 3492.0 188
170.9637 3492.0 188
171.2933 3492.0 188
171.6394 3500.0 188
171.9635 3484.0 188
172.3096 3384.0 188
172.6392 3268.0 188
172.9688 3228.0 188
173.3093 3208.0 188
173.6389 3196.0 188
173.9795 3168.0 188
174.3091 3148.0 188
174.6552 3128.0 188
174.9792 3092.0 188
175.3748 3072.0 188
175.7153 3044.0 188
176.0449 3020.0 188
176.3855 3008.0 188
176.7151 2988.0 188
177.0612 2964.0 188
177.3853 2952.0 188
177.7148 2944.0 188
178.0609 2936.0 188
178.3905 2936.0 188
178.7311 2932.0 188
179.0607 2928.0 188
179.4012 2928.0 188
179.7308 2924.0 188
180.0769 2920.0 188
180.4010 2920.0 188
180.7471 2912.0 188
181.0767 2908.0 188
181.4172 2912.0 188
181.7468 2908.0 188
182.0764 2900.0 188
182.4170 2884.0 188
182.7466 2880.0 188
183.0927 2892.0 188
183.4167 2872.0 188
183.7628 2860.0 188
184.0924 2860.0 188
184.4330 2860.0 188
184.7626 2860.0 188
185.1086 2856.0 188
185.4327 2840.0 188
185.7788 2824.0 188
186.1084 2824.0 188
186.4325 2828.0 188
186.7786 2820.0 188
187.1082 2812.0 188
187.4487 2816.0 188
187.7783 2816.0 188
188.1244 2820.0 188
188.4485 2824.0 188
188.7946 2832.0 188
189.1241 2800.0 188
189.4647 2740.0 188
189.8547 2596.0 188
190.2448 2440.0 188
190.5743 2376.0 188
190.9204 2332.0 188
191.2500 2292.0 188
191.5741 2252.0 188
191.9641 2216.0 188
192.3102 2180.0 188
192.6398 2144.0 188
192.9803 2104.0 188
193.3099 2080.0 188
193.6560 2056.0 188
194.0460 2032.0 188
194.3701 2016.0 188
194.7162 1998.0 188
195.0458 1980.0 188
195.3864 1964.0 188
195.7159 1954.0 188
196.0620 1936.0 188
196.3861 1908.0 188
196.7761 1888.0 188
197.1222 1864.0 188
197.4518 1830.0 188
197.7759 1798.0 188
198.1219 1770.0 188
198.5120 1738.0 188
198.8416 1702.0 188
199.1821 1664.0 188
199.5776 1626.0 188
199.9017 1568.0 188
200.2917 1516.0 188
200.6378 1480.0 188
200.9674 1448.0 188
201.3574 1436.0 188
201.6980 1426.0 188
202.0276 1404.0 188
202.3737 1388.0 188
202.6978 1384.0 188
203.0438 1384.0 188
203.3734 1382.0 188
203.7140 1370.0 188
204.1040 1358.0 188
204.4336 1344.0 188
204.7797 1330.0 188
205.1093 1316.0 188
205.4333 1298.0 188
205.8234 1268.0 188
206.1694 1244.0 188
206.4990 1238.0 188
206.8396 1232.0 188
207.2296 1214.0 188
207.5592 1198.0 188
207.9053 1188.0 188
208.2294 1172.0 188
208.6249 1156.0 188
208.9655 1148.0 188
209.2950 1138.0 188
209.6356 1126.0 188
210.0311 1116.0 188
210.3552 1102.0 188
210.7013 1092.0 188
211.0309 1086.0 188
211.3715 1080.0 188
212.3712 1078.0 188
297.3889 662.0 188
297.7185 662.0 188
298.0591 664.0 188
298.3887 664.0 188
298.7292 662.0 188
299.0588 662.0 188
299.4049 662.0 188
299.7455 660.0 188
300.0751 660.0 188
300.4211 660.0 188
300.7452 660.0 188
301.0913 660.0 188
301.4209 660.0 188
301.7615 660.0 188
302.0911 660.0 188
302.4371 662.0 188
302.7612 664.0 188
303.0469 666.0 188
303.3875 668.0 188
303.7170 672.0 188
304.0576 674.0 188
304.4037 676.0 188
304.7333 678.0 188
305.0739 680.0 188
305.4034 682.0 188
305.6836 688.0 188
306.0297 692.0 188
306.3593 696.0 188
306.6998 696.0 188
307.0294 698.0 188
307.3700 702.0 188
307.6556 706.0 188
307.9797 708.0 188
308.3258 712.0 188
308.6554 716.0 188
308.9960 720.0 188
309.2761 724.0 188
309.6057 726.0 188
309.9518 730.0 188
310.2924 734.0 188
310.6219 738.0 188
310.9680 742.0 188
311.2921 744.0 188
311.5778 750.0 188
311.9183 756.0 188
312.2479 758.0 188
312.5885 758.0 188
312.9181 762.0 188
313.2642 768.0 188
313.5443 772.0 188
313.8739 772.0 188
314.2145 776.0 188
314.5441 782.0 188
314.8901 786.0 188
315.2142 792.0 188
315.4999 796.0 188
315.8405 800.0 188
316.1700 804.0 188
316.5106 810.0 188
316.8402 818.0 188
317.1204 822.0 188
317.4664 824.0 188
317.7960 828.0 188
318.1366 834.0 188
318.4662 838.0 188
318.8123 840.0 188
319.1364 846.0 188
319.4165 850.0 188
319.7626 854.0 188
320.0922 862.0 188
320.4327 872.0 188
320.7623 878.0 188
321.0425 884.0 188
321.3885 890.0 188
321.7181 896.0 188
322.0587 904.0 188
322.3389 914.0 188
322.6685 922.0 188
323.0145 930.0 188
323.3386 936.0 188
323.6847 944.0 188
323.9648 950.0 188
324.2944 956.0 188
324.6405 960.0 188
324.9646 968.0 188
325.3107 974.0 188
325.6403 980.0 188
325.9204 990.0 188
326.2610 1000.0 188
326.5906 1016.0 188
326.8707 1034.0 188
327.2168 1044.0 188
327.5464 1052.0 188
327.8870 1064.0 188
328.1671 1074.0 188
328.4967 1082.0 188
328.8428 1090.0 188
329.1669 1098.0 188
329.5129 1110.0 188
329.7931 1122.0 188
330.1227 1130.0 188
330.4688 1140.0 188
330.7928 1156.0 188
331.1389 1170.0 188
331.4191 1182.0 188
331.7487 1196.0 188
332.0892 1210.0 188
332.4353 1224.0 188
332.6990 1240.0 188
333.0450 1256.0 188
333.3746 1270.0 188
333.7152 1284.0 188
333.9954 1302.0 188
334.3250 1320.0 188
334.6710 1336.0 188
335.0116 1352.0 188
335.2808 1368.0 188
335.6213 1386.0 188
335.9509 1402.0 188
336.2915 1424.0 188
336.6376 1446.0 188
336.9012 1466.0 188
337.2473 1486.0 188
337.5934 1508.0 188
337.9175 1532.0 188
338.2031 1556.0 188
338.5272 1580.0 188
338.8733 1604.0 188
339.2139 1628.0 188
339.4830 1660.0 188
339.8236 1686.0 188
340.1697 1712.0 188
340.4993 1744.0 188
340.7794 1780.0 188
341.1090 1818.0 188
341.4496 1850.0 188
341.7957 1888.0 188
342.0758 1930.0 188
342.4054 1958.0 188
342.7295 1992.0 188
343.0756 2026.0 188
343.3557 2074.0 188
343.6853 2120.0 188
344.0259 2168.0 188
344.3555 2216.0 188
344.6356 2260.0 188
344.9817 2304.0 188
345.3113 2352.0 188
345.6519 2404.0 188
345.9814 2452.0 188
346.2616 2512.0 188
346.5912 2568.0 188
346.9373 2620.0 188
347.2614 2668.0 188
347.6074 2692.0 188
347.9370 2696.0 188
348.2776 2704.0 188
348.6072 2720.0 188
348.8873 2744.0 188
349.2334 2768.0 188
349.5575 2796.0 188
349.9036 2808.0 188
350.2332 2808.0 188
350.5737 2804.0 188
350.9033 2812.0 188
351.2494 2836.0 188
351.5131 3320.0 188
351.8591 3376.0 188
