#RPLIDAR SCAN DATA
#COUNT=583
#Angule	Distance	Quality
352.2656 3388.0 188
352.5897 3468.0 188
352.8699 3568.0 188
353.1995 3652.0 188
353.5455 3732.0 188
353.8696 3848.0 188
354.1553 4176.0 188
354.4794 4544.0 188
355.0891 5792.0 188
355.4352 5816.0 188
357.0447 6832.0 188
357.3743 6856.0 188
358.0444 6896.0 188
358.3905 6928.0 188
358.7146 6992.0 188
359.0442 7008.0 188
359.3903 6960.0 188
359.7144 6936.0 188
0.0604 6960.0 188
0.3900 6928.0 188
0.7141 6880.0 188
1.0602 6904.0 188
1.3898 6888.0 188
1.7139 6872.0 188
2.0599 6872.0 188
2.3895 6872.0 188
2.7301 6848.0 188
3.0597 6864.0 188
3.3893 6880.0 188
3.7299 6872.0 188
4.0594 6920.0 188
4.4055 6920.0 188
4.7296 6912.0 188
5.4053 6984.0 188
7.0148 8280.0 188
7.3389 8368.0 188
82.6556 12392.0 188
84.0454 9520.0 188
84.3860 9496.0 188
84.7156 9464.0 188
85.0616 9472.0 188
85.3857 9520.0 188
85.7318 9520.0 188
86.0614 9552.0 188
86.3855 9568.0 188
86.7316 9480.0 188
87.0612 9448.0 188
87.4017 9456.0 188
87.7313 9448.0 188
88.0774 9408.0 188
88.4015 9432.0 188
88.7476 9392.0 188
89.0771 9312.0 188
89.4012 9272.0 188
89.7473 9296.0 188
90.0769 9328.0 188
90.4175 9240.0 188
90.7471 9256.0 188
91.0931 9280.0 188
91.4172 9248.0 188
91.7468 9296.0 188
92.0929 9336.0 188
92.7631 9336.0 188
93.1531 8024.0 188
93.4827 7920.0 188
93.8232 7824.0 188
94.1528 7784.0 188
94.4989 7768.0 188
94.8230 7696.0 188
95.1526 7648.0 188
95.4987 8008.0 188
95.8228 7968.0 188
96.1688 7984.0 188
96.4984 7984.0 188
96.8390 7992.0 188
97.1686 8008.0 188
97.4982 8016.0 188
97.8387 8120.0 188
98.1683 8160.0 188
98.5144 8168.0 188
98.8385 8128.0 188
99.1846 8024.0 188
99.5142 7976.0 188
99.8547 7848.0 188
100.1843 7768.0 188
100.5139 7832.0 188
100.8545 7928.0 188
101.1841 7992.0 188
101.5302 7936.0 188
101.8542 7880.0 188
102.2003 7856.0 188
102.5299 7824.0 188
102.8540 7712.0 188
103.2001 7344.0 188
103.5297 7240.0 188
103.8702 7184.0 188
104.1998 7232.0 188
104.5459 7160.0 188
104.8700 7072.0 188
105.2161 7056.0 188
105.5457 7040.0 188
105.8698 7008.0 188
106.2158 7008.0 188
106.5454 7048.0 188
106.8860 7056.0 188
107.2156 7048.0 188
107.5616 7040.0 188
107.8857 6992.0 188
108.2153 6944.0 188
108.5614 6904.0 188
108.8855 6880.0 188
109.2316 6856.0 188
109.5612 6816.0 188
109.9017 6784.0 188
110.2313 6744.0 188
110.5774 6680.0 188
110.9015 6608.0 188
111.2311 6616.0 188
111.5771 6632.0 188
111.9012 6568.0 188
112.2473 6520.0 188
112.5769 6520.0 188
112.9010 6520.0 188
113.2471 6488.0 188
113.5767 6488.0 188
113.9172 6488.0 188
114.2468 6488.0 188
114.5929 6504.0 188
114.9170 6520.0 188
115.2466 6608.0 188
115.5927 6752.0 188
115.9167 6912.0 188
116.2628 7872.0 188
116.5924 7904.0 188
116.9165 7912.0 188
117.2626 7864.0 188
117.5922 7904.0 188
117.9327 7856.0 188
118.2623 7864.0 188
118.5919 7984.0 188
118.9325 7992.0 188
119.2621 7912.0 188
119.6082 7848.0 188
119.9323 7328.0 188
120.2618 7296.0 188
120.6079 7168.0 188
120.9375 7088.0 188
121.2781 7072.0 188
121.6077 7056.0 188
121.9373 6968.0 188
122.2778 6624.0 188
122.6074 6224.0 188
122.9480 6208.0 188
123.2776 6184.0 188
123.6676 6144.0 188
123.9972 6096.0 188
124.3433 6056.0 188
124.6674 6008.0 188
125.0134 5992.0 188
125.3430 6024.0 188
125.6836 6072.0 188
126.0132 5016.0 188
126.3428 4992.0 188
126.6833 4928.0 188
127.0734 4888.0 188
127.4030 4864.0 188
127.7490 4832.0 188
128.0731 4792.0 188
128.4027 4760.0 188
128.7488 4752.0 188
129.0729 4728.0 188
129.4189 4712.0 188
129.7485 4704.0 188
130.0781 4704.0 188
130.4187 4712.0 188
130.7483 4688.0 188
131.0889 4672.0 188
131.4185 4640.0 188
131.7480 4616.0 188
132.0886 4608.0 188
132.4182 4600.0 188
132.7643 4568.0 188
133.0884 4520.0 188
133.4180 4480.0 188
133.7640 4440.0 188
134.0936 4392.0 188
134.4342 4352.0 188
134.7638 4320.0 188
135.0934 4304.0 188
135.4340 4280.0 188
135.7635 4248.0 188
136.1041 4224.0 188
136.4337 4208.0 188
136.7633 4176.0 188
137.1094 4168.0 188
137.4335 4144.0 188
137.7795 4128.0 188
138.1091 4128.0 188
138.4497 4120.0 188
138.7793 4104.0 188
139.1693 4080.0 188
139.4989 4064.0 188
139.8395 4068.0 188
140.1691 4056.0 188
140.5151 4036.0 188
140.8392 4028.0 188
141.1688 4008.0 188
141.5149 3996.0 188
141.8390 3992.0 188
142.1851 3964.0 188
142.5146 3952.0 188
142.8387 3936.0 188
143.1848 3920.0 188
143.5144 3904.0 188
143.8550 3872.0 188
144.1846 3860.0 188
144.5142 3852.0 188
144.8547 3828.0 188
145.1843 3808.0 188
145.5304 3800.0 188
145.8545 3796.0 188
146.1841 3796.0 188
146.5302 3788.0 188
146.8542 3776.0 188
147.2003 3756.0 188
147.5299 3752.0 188
147.8540 3748.0 188
148.2001 3724.0 188
148.5297 3720.0 188
148.8702 3732.0 188
149.1998 3728.0 188
149.5294 3712.0 188
149.8700 3688.0 188
150.1996 3676.0 188
150.5457 3672.0 188
150.8698 3664.0 188
151.1993 3656.0 188
151.5454 3648.0 188
151.8750 3636.0 188
152.2156 3632.0 188
152.5452 3620.0 188
152.8748 3592.0 188
153.2153 3576.0 188
153.5449 3560.0 188
153.8745 3548.0 188
154.2151 3540.0 188
154.5447 3516.0 188
154.9347 3488.0 188
155.2808 3488.0 188
155.6049 3492.0 188
155.9344 3488.0 188
156.2805 3480.0 188
156.6046 3472.0 188
156.9507 3472.0 188
157.2803 3472.0 188
157.6044 3468.0 188
157.9504 3440.0 188
158.2800 3416.0 188
158.6206 3396.0 188
158.9502 3364.0 188
159.2798 3332.0 188
159.6204 3312.0 188
159.9500 3284.0 188
160.2960 3268.0 188
160.6201 3256.0 188
160.9497 3236.0 188
161.2958 3220.0 188
161.6199 3216.0 188
161.9659 3212.0 188
162.2955 3196.0 188
162.6196 3184.0 188
162.9657 3184.0 188
163.2953 3180.0 188
163.6359 3184.0 188
163.9655 3184.0 188
164.2950 3180.0 188
164.6356 3180.0 188
164.9652 3180.0 188
165.3113 3172.0 188
165.6354 3172.0 188
165.9650 3184.0 188
166.3110 3192.0 188
166.6406 3196.0 188
166.9647 3204.0 188
167.3108 3204.0 188
167.6404 3204.0 188
167.9810 3208.0 188
168.3105 3200.0 188
168.6401 3204.0 188
168.9807 3212.0 188
169.3103 3208.0 188
169.6509 3204.0 188
169.9805 3192.0 188
170.3101 3192.0 188
170.6561 3184.0 188
170.9802 3168.0 188
171.3263 3168.0 188
171.6559 3164.0 188
171.9800 3156.0 188
172.3260 3144.0 188
172.6556 3124.0 188
172.9962 3100.0 188
173.3258 3080.0 188
173.7158 3052.0 188
174.0454 3028.0 188
174.3860 3016.0 188
174.7156 2992.0 188
175.0616 2964.0 188
175.3857 2948.0 188
175.7153 2928.0 188
176.0614 2920.0 188
176.3855 2916.0 188
176.7316 2912.0 188
177.0612 2912.0 188
177.3853 2904.0 188
177.7313 2900.0 188
178.0609 2904.0 188
178.4015 2908.0 188
178.7311 2912.0 188
179.0771 2920.0 188
179.4012 2948.0 188
179.7473 2992.0 188
180.0769 3012.0 188
180.4010 3016.0 188
180.7471 3032.0 188
181.0767 3044.0 188
181.4172 3060.0 188
181.7029 3076.0 188
182.0929 3064.0 188
182.4170 3068.0 188
182.7026 3084.0 188
183.0267 3092.0 188
183.4167 3068.0 188
183.7628 3016.0 188
184.0924 2976.0 188
184.4330 2944.0 188
184.7626 2912.0 188
185.1086 2888.0 188
185.4327 2880.0 188
185.7623 2868.0 188
186.1084 2856.0 188
186.4325 2848.0 188
186.7786 2828.0 188
187.1082 2816.0 188
187.4487 2812.0 188
187.7783 2812.0 188
188.1079 2828.0 188
188.4485 2828.0 188
188.7781 2796.0 188
189.1241 2772.0 188
189.4482 2772.0 188
189.7943 2764.0 188
190.1239 2768.0 188
190.4645 2772.0 188
190.7941 2744.0 188
191.1841 2688.0 188
191.5137 2544.0 188
191.9037 2364.0 188
192.2498 2276.0 188
192.5739 2248.0 188
192.9639 2224.0 188
193.3099 2192.0 188
193.6395 2152.0 188
193.9801 2120.0 188
194.3097 2088.0 188
194.6558 2068.0 188
195.0458 2048.0 188
195.3699 2036.0 188
195.6995 2026.0 188
196.0455 1998.0 188
196.3696 1958.0 188
196.7157 1918.0 188
197.1057 1888.0 188
197.4353 1860.0 188
197.7759 1826.0 188
198.1055 1796.0 188
198.4515 1770.0 188
198.8416 1714.0 188
199.1711 1668.0 188
199.4952 1658.0 188
199.8413 1640.0 188
200.2808 1518.0 188
200.6708 1404.0 188
201.0114 1398.0 188
201.3409 1392.0 188
201.6870 1390.0 188
202.0111 1402.0 188
202.3572 1404.0 188
202.6868 1388.0 188
203.0273 1378.0 188
203.3569 1376.0 188
203.6865 1376.0 188
204.0271 1378.0 188
204.4171 1366.0 188
204.7467 1348.0 188
205.0928 1330.0 188
205.4169 1316.0 188
205.7629 1306.0 188
206.1530 1290.0 188
206.4825 1274.0 188
206.8231 1258.0 188
207.1527 1236.0 188
207.5427 1216.0 188
207.8723 1202.0 188
208.2184 1186.0 188
208.5425 1172.0 188
208.9325 1162.0 188
209.2786 1150.0 188
209.6082 1136.0 188
209.9487 1124.0 188
210.3387 1110.0 188
210.6683 1098.0 188
211.0144 1092.0 188
211.3385 1088.0 188
212.3438 1080.0 188
297.4658 658.0 188
297.8119 660.0 188
298.1360 662.0 188
298.4821 662.0 188
298.8116 660.0 188
299.1522 658.0 188
299.4818 658.0 188
299.8279 660.0 188
300.1520 660.0 188
300.4980 660.0 188
300.8276 660.0 188
301.1682 658.0 188
301.4978 658.0 188
301.8384 658.0 188
302.1680 658.0 188
302.5140 660.0 188
302.8436 662.0 188
303.1842 664.0 188
303.4644 666.0 188
303.7939 670.0 188
304.1400 672.0 188
304.4641 674.0 188
304.7937 676.0 188
305.1398 678.0 188
305.4639 682.0 188
305.7495 684.0 188
306.0901 686.0 188
306.4197 690.0 188
306.7603 694.0 188
307.0898 696.0 188
307.4359 700.0 188
307.7161 704.0 188
308.0457 706.0 188
308.3862 712.0 188
308.7158 716.0 188
309.0454 720.0 188
309.3256 724.0 188
309.6716 728.0 188
309.9957 732.0 188
310.3418 734.0 188
310.6714 738.0 188
311.0120 742.0 188
311.3416 744.0 188
311.6217 746.0 188
311.9513 750.0 188
312.2919 756.0 188
312.6215 758.0 188
312.9675 762.0 188
313.2916 764.0 188
313.6377 768.0 188
313.9014 772.0 188
314.2474 776.0 188
314.5770 782.0 188
314.9176 786.0 188
315.2472 790.0 188
315.5273 794.0 188
315.8569 796.0 188
316.2030 800.0 188
316.5271 804.0 188
316.8732 806.0 188
317.2028 808.0 188
317.5433 812.0 188
317.8729 818.0 188
318.1531 822.0 188
318.4827 826.0 188
318.8232 832.0 188
319.1528 838.0 188
319.4989 842.0 188
319.7791 848.0 188
320.1086 854.0 188
320.4492 862.0 188
320.7788 870.0 188
321.1084 876.0 188
321.3885 880.0 188
321.7291 886.0 188
322.0587 892.0 188
322.4048 902.0 188
322.7344 908.0 188
323.0145 914.0 188
323.3386 922.0 188
323.6847 928.0 188
324.0143 934.0 188
324.3549 940.0 188
324.6405 948.0 188
324.9646 960.0 188
325.3107 970.0 188
325.6403 982.0 188
325.9204 994.0 188
326.2500 1004.0 188
326.5906 1012.0 188
326.9202 1022.0 188
327.2003 1036.0 188
327.5464 1050.0 188
327.8705 1060.0 188
328.2001 1068.0 188
328.4802 1076.0 188
328.8263 1084.0 188
329.1559 1092.0 188
329.4965 1100.0 188
329.8260 1106.0 188
330.1666 1116.0 188
330.4358 1130.0 188
330.7764 1144.0 188
331.1060 1158.0 188
331.3861 1172.0 188
331.7322 1184.0 188
332.0618 1196.0 188
332.3859 1208.0 188
332.7319 1222.0 188
333.0121 1236.0 188
333.3417 1250.0 188
333.6823 1266.0 188
334.0118 1282.0 188
334.3579 1294.0 188
334.6216 1312.0 188
334.9677 1332.0 188
335.2917 1348.0 188
335.6378 1360.0 188
335.9180 1376.0 188
336.2476 1394.0 188
336.5936 1412.0 188
336.9177 1430.0 188
337.1979 1450.0 188
337.5275 1476.0 188
337.8735 1504.0 188
338.2031 1526.0 188
338.4833 1544.0 188
338.8074 1566.0 188
339.1534 1592.0 188
339.4830 1614.0 188
339.7632 1646.0 188
340.1093 1678.0 188
340.4333 1704.0 188
340.7629 1732.0 188
341.0431 1762.0 188
341.3892 1796.0 188
341.7188 1824.0 188
342.0428 1846.0 188
342.3889 1884.0 188
342.6691 1936.0 188
342.9987 1966.0 188
343.3392 1998.0 188
343.6688 2040.0 188
343.9490 2080.0 188
344.2786 2120.0 188
344.6246 2172.0 188
344.9487 2228.0 188
345.2344 2272.0 188
345.5585 2332.0 188
345.9045 2384.0 188
346.2341 2432.0 188
346.5143 2476.0 188
346.8384 2532.0 188
347.1844 2592.0 188
347.5140 2640.0 188
347.8546 2688.0 188
348.1842 2720.0 188
348.5138 2732.0 188
348.7939 2760.0 188
349.1400 2804.0 188
349.4641 2828.0 188
349.8102 2828.0 188
350.1398 2836.0 188
350.4639 2884.0 188
350.8099 2952.0 188
351.1395 3012.0 188
351.4197 3104.0 188
351.7493 3244.0 188
