#RPLIDAR SCAN DATA
#COUNT=575
#Angule	Distance	Quality
352.2162 3032.0 188
352.5458 3060.0 188
352.8864 3064.0 188
353.1555 3080.0 188
353.4961 3100.0 188
353.8257 3104.0 188
354.3860 4208.0 188
354.7156 4272.0 188
355.0616 4432.0 188
355.3857 4848.0 188
357.2919 6344.0 188
3.2629 9168.0 188
4.2627 9192.0 188
4.9329 9264.0 188
5.2625 9328.0 188
70.6201 13040.0 188
71.6199 13168.0 188
72.6361 13232.0 188
73.6523 13256.0 188
74.3280 13232.0 188
74.6521 13192.0 188
75.6683 13320.0 188
77.3547 12400.0 188
77.6843 12480.0 188
78.3545 13040.0 188
78.7006 13056.0 188
79.7003 12992.0 188
80.0464 12992.0 188
80.7166 13296.0 188
82.7930 12160.0 188
83.8092 10376.0 188
84.4794 9488.0 188
84.8090 9504.0 188
85.1550 9528.0 188
85.4791 9488.0 188
85.8252 9472.0 188
86.1548 9464.0 188
86.4954 9464.0 188
86.8250 9480.0 188
87.1710 9400.0 188
87.4951 9400.0 188
87.8412 9408.0 188
88.1873 9400.0 188
88.5114 9376.0 188
88.8574 9304.0 188
89.1870 9312.0 188
89.5276 9360.0 188
89.8572 9384.0 188
90.1978 9264.0 188
90.5273 9224.0 188
90.8734 9288.0 188
91.2030 9320.0 188
91.5436 9312.0 188
91.8732 9264.0 188
92.2137 9280.0 188
92.5433 9328.0 188
92.9333 8072.0 188
93.2794 7928.0 188
93.6090 7728.0 188
93.9496 7680.0 188
94.2792 7744.0 188
94.6198 7776.0 188
94.9493 7760.0 188
95.2954 7752.0 188
95.6250 7712.0 188
95.9656 7816.0 188
96.2952 7992.0 188
96.6357 8112.0 188
96.9653 8120.0 188
97.3114 8096.0 188
97.6355 8104.0 188
97.9651 8136.0 188
98.3112 8152.0 188
98.6353 8128.0 188
98.9813 8192.0 188
99.2615 8248.0 188
99.5911 8256.0 188
99.9371 8208.0 188
100.3271 8120.0 188
100.6512 7976.0 188
100.9973 7824.0 188
101.3269 7840.0 188
101.6675 7968.0 188
101.9971 7992.0 188
102.3431 7864.0 188
102.6672 7776.0 188
103.0133 7760.0 188
103.3429 7656.0 188
103.6835 7584.0 188
104.0131 7640.0 188
104.3591 7704.0 188
104.6832 7752.0 188
105.0293 7784.0 188
105.3589 7864.0 188
105.6390 8272.0 188
105.9796 8280.0 188
106.3092 8296.0 188
106.6553 8248.0 188
107.0453 8168.0 188
107.3254 8240.0 188
107.6550 8856.0 188
107.9956 8896.0 188
108.3252 8976.0 188
108.6713 9032.0 188
108.9954 9008.0 188
109.3414 8960.0 188
109.6710 8920.0 188
110.0116 8920.0 188
111.0114 8384.0 188
111.3409 8344.0 188
111.6870 8320.0 188
112.0111 8304.0 188
112.3572 8320.0 188
112.6868 8352.0 188
113.0273 8216.0 188
113.4174 8184.0 188
113.7469 8192.0 188
114.0930 8128.0 188
114.4171 8160.0 188
114.7632 8136.0 188
115.0928 8088.0 188
115.4333 8120.0 188
115.7629 8096.0 188
116.1090 8088.0 188
116.4331 8080.0 188
116.7792 8024.0 188
117.1088 8000.0 188
117.4493 7984.0 188
117.7789 8056.0 188
118.1250 8048.0 188
118.4491 7984.0 188
118.7952 8016.0 188
119.1248 8064.0 188
119.4653 8048.0 188
119.7949 7992.0 188
120.1355 7976.0 188
120.4651 8016.0 188
120.8112 8080.0 188
121.1353 8016.0 188
121.4813 7880.0 188
121.8109 7752.0 188
122.1515 7312.0 188
122.4811 7200.0 188
122.8271 7000.0 188
123.1512 6896.0 188
123.4808 6808.0 188
123.8269 6728.0 188
124.1510 6688.0 188
124.4971 6688.0 188
124.8871 5176.0 188
125.2167 5160.0 188
125.5573 5120.0 188
125.8868 5088.0 188
126.2329 5040.0 188
126.5625 4992.0 188
126.8866 4960.0 188
127.2327 4944.0 188
127.6227 4896.0 188
127.9523 4840.0 188
128.2928 4840.0 188
128.6224 4792.0 188
128.9685 4776.0 188
129.2926 4800.0 188
129.6387 4792.0 188
129.9683 4768.0 188
130.3088 4720.0 188
130.6384 4712.0 188
130.9680 4696.0 188
131.3086 4656.0 188
131.6382 4640.0 188
131.9843 4608.0 188
132.3083 4592.0 188
132.6544 4560.0 188
132.9840 4536.0 188
133.3246 4528.0 188
133.6542 4496.0 188
133.9838 4464.0 188
134.3243 4432.0 188
134.6539 4416.0 188
135.0000 4400.0 188
135.3241 4376.0 188
135.6702 4336.0 188
135.9998 4304.0 188
136.3403 4312.0 188
136.6699 4312.0 188
136.9995 4264.0 188
137.3401 4224.0 188
137.6697 4216.0 188
138.0103 4208.0 188
138.3398 4168.0 188
138.6859 4128.0 188
139.0155 4104.0 188
139.4055 4096.0 188
139.7461 4064.0 188
140.0757 4048.0 188
140.4218 4044.0 188
140.7458 4012.0 188
141.0754 3968.0 188
141.4215 3928.0 188
141.7456 3920.0 188
142.0917 3916.0 188
142.4213 3900.0 188
142.7618 3908.0 188
143.0914 3876.0 188
143.4375 3856.0 188
143.7616 3856.0 188
144.0912 3828.0 188
144.4373 3816.0 188
144.7614 3796.0 188
145.1074 3788.0 188
145.4370 3780.0 188
145.7776 3764.0 188
146.1072 3752.0 188
146.4478 3732.0 188
146.7773 3720.0 188
147.1069 3712.0 188
147.4530 3696.0 188
147.7771 3672.0 188
148.1232 3636.0 188
148.4528 3608.0 188
148.7933 3600.0 188
149.1229 3580.0 188
149.4635 3548.0 188
149.7931 3536.0 188
150.1227 3540.0 188
150.4688 3532.0 188
150.7928 3520.0 188
151.1829 3500.0 188
151.5289 3488.0 188
151.8585 3492.0 188
152.1991 3488.0 188
152.5287 3472.0 188
152.8748 3468.0 188
153.1989 3476.0 188
153.5449 3496.0 188
153.8745 3496.0 188
154.1986 3488.0 188
154.5447 3464.0 188
154.8743 3452.0 188
155.2148 3456.0 188
155.5444 3444.0 188
155.8740 3436.0 188
156.2146 3444.0 188
156.5442 3440.0 188
156.8903 3432.0 188
157.2144 3436.0 188
157.5439 3432.0 188
157.8900 3416.0 188
158.2141 3384.0 188
158.5602 3348.0 188
158.8898 3320.0 188
159.2139 3292.0 188
159.5599 3268.0 188
159.8895 3256.0 188
160.2301 3232.0 188
160.5597 3224.0 188
160.8893 3216.0 188
161.2299 3188.0 188
161.5594 3180.0 188
161.8890 3172.0 188
162.2296 3160.0 188
162.5592 3164.0 188
162.9053 3160.0 188
163.2294 3152.0 188
163.5590 3144.0 188
163.9050 3140.0 188
164.2291 3136.0 188
164.5752 3128.0 188
164.9048 3132.0 188
165.2344 3128.0 188
165.5750 3124.0 188
165.9045 3124.0 188
166.2451 3120.0 188
166.5747 3120.0 188
166.9043 3120.0 188
167.2449 3124.0 188
167.5745 3124.0 188
167.9205 3124.0 188
168.2446 3128.0 188
168.5742 3140.0 188
168.9203 3144.0 188
169.2499 3152.0 188
169.5905 3176.0 188
169.8541 3712.0 188
170.2002 3736.0 188
170.5298 3760.0 188
170.9198 3236.0 188
171.2604 3200.0 188
171.5900 3156.0 188
171.9196 3120.0 188
172.2656 3080.0 188
172.6556 3064.0 188
172.9797 3056.0 188
173.3258 3044.0 188
173.6554 3032.0 188
173.9795 3028.0 188
174.3256 3024.0 188
174.6552 3024.0 188
174.9792 3020.0 188
175.3253 3016.0 188
175.6549 3012.0 188
175.9955 3008.0 188
176.3251 3004.0 188
176.6547 3000.0 188
176.9952 2992.0 188
177.3248 2992.0 188
177.6709 3004.0 188
177.9950 3000.0 188
178.3246 3004.0 188
178.6707 3008.0 188
178.9948 3020.0 188
179.3408 3032.0 188
179.6704 3044.0 188
180.0000 3052.0 188
180.3406 3068.0 188
180.6207 3084.0 188
180.9503 3100.0 188
181.2799 3128.0 188
181.6205 3220.0 188
181.9501 3332.0 188
182.2961 3360.0 188
182.6202 3352.0 188
182.9498 3356.0 188
183.2959 3352.0 188
183.6200 3340.0 188
183.9661 3336.0 188
184.2957 3320.0 188
184.6198 3264.0 188
184.9658 3180.0 188
185.2954 3124.0 188
185.6854 3072.0 188
186.0260 3024.0 188
186.3556 3000.0 188
186.7017 2976.0 188
187.0313 2940.0 188
187.3718 2904.0 188
187.7014 2888.0 188
188.0420 2876.0 188
188.3716 2852.0 188
188.7012 2868.0 188
189.0417 2768.0 188
189.4373 2628.0 188
189.7778 2612.0 188
190.1074 2608.0 188
190.4370 2604.0 188
190.7172 2936.0 188
191.0577 2880.0 188
191.3873 2816.0 188
191.7334 2772.0 188
192.1234 2732.0 188
192.4530 2724.0 188
192.7936 2696.0 188
193.1232 2640.0 188
193.4637 2572.0 188
193.7933 2500.0 188
194.1833 2428.0 188
194.5294 2348.0 188
194.8590 2272.0 188
195.2490 2212.0 188
195.5896 2152.0 188
195.9192 2100.0 188
196.2653 2064.0 188
196.6553 2020.0 188
196.9794 1978.0 188
197.3254 1942.0 188
197.6550 1902.0 188
198.0450 1850.0 188
198.3856 1816.0 188
198.7152 1794.0 188
199.1052 1756.0 188
199.4513 1720.0 188
199.7809 1690.0 188
200.1215 1664.0 188
200.5115 1636.0 188
200.8411 1620.0 188
201.1871 1600.0 188
201.5112 1566.0 188
201.8573 1540.0 188
202.2473 1530.0 188
202.5769 1514.0 188
202.9175 1506.0 188
203.2471 1488.0 188
203.5931 1454.0 188
203.9832 1426.0 188
204.3073 1390.0 188
204.6533 1368.0 188
205.0433 1360.0 188
205.3729 1344.0 188
205.7135 1326.0 188
206.0431 1308.0 188
206.3892 1298.0 188
206.7792 1278.0 188
207.1088 1254.0 188
207.4493 1238.0 188
207.8394 1222.0 188
208.1689 1208.0 188
208.5150 1192.0 188
208.8391 1176.0 188
209.2291 1164.0 188
209.5752 1154.0 188
209.9048 1140.0 188
210.2454 1130.0 188
210.5750 1120.0 188
210.9650 1114.0 188
211.3110 1106.0 188
211.6406 1096.0 188
297.3560 658.0 188
297.7020 660.0 188
298.0261 662.0 188
298.3722 660.0 188
298.7018 658.0 188
299.0424 658.0 188
299.3719 656.0 188
299.7180 656.0 188
300.0421 656.0 188
300.3882 654.0 188
300.7343 654.0 188
301.0583 654.0 188
301.4044 654.0 188
301.7340 654.0 188
302.0746 654.0 188
302.4042 656.0 188
302.7448 658.0 188
303.0743 660.0 188
303.4204 662.0 188
303.7500 664.0 188
304.0302 666.0 188
304.3707 668.0 188
304.7003 670.0 188
305.0464 674.0 188
305.3705 676.0 188
305.7166 678.0 188
306.0461 682.0 188
306.3263 684.0 188
306.6669 688.0 188
306.9965 692.0 188
307.3425 694.0 188
307.6666 696.0 188
308.0127 702.0 188
308.2764 706.0 188
308.6224 708.0 188
308.9685 710.0 188
309.2926 714.0 188
309.6387 716.0 188
309.9683 720.0 188
310.2484 724.0 188
310.5780 730.0 188
310.9186 734.0 188
311.2646 738.0 188
311.5887 742.0 188
311.8744 746.0 188
312.1985 750.0 188
312.5446 754.0 188
312.8741 756.0 188
313.2147 760.0 188
313.5443 764.0 188
313.8904 768.0 188
314.1705 770.0 188
314.4946 774.0 188
314.8407 778.0 188
315.1703 782.0 188
315.5109 786.0 188
315.8569 790.0 188
316.1206 794.0 188
316.4667 800.0 188
316.7963 802.0 188
317.1368 808.0 188
317.4664 814.0 188
317.8125 816.0 188
318.1366 816.0 188
318.4167 822.0 188
318.7463 826.0 188
319.0924 832.0 188
319.4165 836.0 188
319.7626 840.0 188
320.0262 848.0 188
320.3723 852.0 188
320.7019 858.0 188
321.0425 866.0 188
321.3721 874.0 188
321.6522 882.0 188
321.9983 888.0 188
322.3279 890.0 188
322.6520 896.0 188
322.9980 902.0 188
323.3276 910.0 188
323.6078 916.0 188
323.9484 922.0 188
324.2780 926.0 188
324.6075 932.0 188
324.9481 938.0 188
325.2338 946.0 188
325.5579 952.0 188
325.9039 960.0 188
326.2335 972.0 188
326.5137 984.0 188
326.8433 996.0 188
327.1838 1004.0 188
327.5134 1012.0 188
327.8540 1020.0 188
328.1396 1032.0 188
328.4637 1044.0 188
328.7933 1054.0 188
329.1394 1066.0 188
329.4196 1076.0 188
329.7491 1084.0 188
330.0897 1094.0 188
330.4193 1108.0 188
330.6995 1118.0 188
331.0291 1128.0 188
331.3696 1140.0 188
331.6992 1152.0 188
332.0453 1168.0 188
332.3090 1182.0 188
332.6550 1196.0 188
332.9791 1210.0 188
333.3252 1224.0 188
333.6053 1238.0 188
333.9349 1250.0 188
334.2810 1262.0 188
334.6051 1278.0 188
334.9347 1292.0 188
335.2148 1304.0 188
335.5609 1320.0 188
335.8905 1340.0 188
336.2311 1362.0 188
336.4948 1382.0 188
336.8408 1400.0 188
337.1704 1418.0 188
337.5110 1442.0 188
337.7966 1462.0 188
338.1207 1486.0 188
338.4503 1512.0 188
338.7964 1534.0 188
339.0765 1554.0 188
339.4061 1580.0 188
339.7467 1616.0 188
340.0104 1644.0 188
340.3564 1666.0 188
340.6860 1688.0 188
341.0266 1716.0 188
341.3562 1748.0 188
341.6364 1780.0 188
341.9824 1816.0 188
342.3120 1844.0 188
342.6361 1868.0 188
342.9218 1898.0 188
343.2623 1938.0 188
343.5919 1970.0 188
343.9325 2002.0 188
344.2621 2046.0 188
344.5422 2088.0 188
344.8718 2136.0 188
345.2179 2184.0 188
345.4980 2236.0 188
345.8276 2288.0 188
346.1517 2336.0 188
346.4978 2384.0 188
346.8274 2428.0 188
347.1075 2488.0 188
347.4481 2560.0 188
347.7777 2624.0 188
348.1073 2684.0 188
348.3875 2744.0 188
348.7335 2768.0 188
349.0576 2788.0 188
349.4037 2820.0 188
349.7333 2836.0 188
350.0574 2844.0 188
350.4034 2868.0 188
350.7330 2884.0 188
351.0736 2896.0 188
351.4032 2920.0 188
351.7493 2956.0 188
352.0734 3012.0 188
