#RPLIDAR SCAN DATA
#COUNT=561
#Angule	Distance	Quality
352.2491 3420.0 188
352.5897 3488.0 188
352.8699 3548.0 188
353.1995 3588.0 188
353.5455 3696.0 188
353.8696 3840.0 188
354.2157 3980.0 188
354.5453 4096.0 188
354.8254 4192.0 188
355.1550 4504.0 188
355.4956 4608.0 188
356.1053 4960.0 188
357.1051 5784.0 188
357.4512 5920.0 188
357.7808 6016.0 188
358.1213 5984.0 188
358.4509 6104.0 188
358.7311 6224.0 188
359.0771 6360.0 188
359.4012 6480.0 188
0.0769 6600.0 188
2.0270 8896.0 188
3.0267 8864.0 188
3.3728 8744.0 188
4.0430 8736.0 188
4.7021 8800.0 188
5.0427 8848.0 188
6.0425 8976.0 188
8.0585 9336.0 188
8.3881 9408.0 188
9.0582 9472.0 188
68.3899 13624.0 188
69.0601 13656.0 188
69.3896 13656.0 188
71.4056 13528.0 188
72.0758 13168.0 188
72.4219 13264.0 188
73.4216 13440.0 188
74.4324 13416.0 188
76.4484 12392.0 188
77.4481 12376.0 188
78.4644 13264.0 188
78.8544 11800.0 188
79.1840 12192.0 188
79.5300 12080.0 188
80.5298 11936.0 188
80.8099 13216.0 188
81.4801 13320.0 188
81.8262 13336.0 188
82.1558 13312.0 188
82.4963 13336.0 188
83.8861 10576.0 188
84.5618 10472.0 188
85.5780 9448.0 188
85.9021 9448.0 188
86.2482 9440.0 188
86.5778 9488.0 188
86.9183 9432.0 188
87.2479 9368.0 188
87.5885 9352.0 188
87.9181 9352.0 188
88.2642 9360.0 188
88.5938 9352.0 188
88.9343 9376.0 188
89.2639 9440.0 188
89.6045 9528.0 188
89.9341 9128.0 188
90.2802 9136.0 188
90.6042 9160.0 188
90.9503 9176.0 188
91.2799 9152.0 188
91.6205 9264.0 188
91.9501 9320.0 188
92.2961 9240.0 188
92.6202 9248.0 188
93.0103 8168.0 188
93.3563 7856.0 188
93.6859 7824.0 188
94.0265 7744.0 188
94.3561 7776.0 188
94.7021 7768.0 188
95.0262 7688.0 188
95.3723 7696.0 188
95.7019 7720.0 188
96.0425 7872.0 188
96.3281 8216.0 188
96.7181 8184.0 188
97.0422 8160.0 188
97.3883 8160.0 188
97.7179 8184.0 188
97.9980 8224.0 188
98.3881 8184.0 188
98.7341 8136.0 188
98.9978 8232.0 188
99.3384 8280.0 188
99.6680 8224.0 188
100.0140 8264.0 188
100.4041 8152.0 188
100.7336 7952.0 188
101.0742 7920.0 188
101.4038 7912.0 188
101.7499 7960.0 188
102.0740 7968.0 188
102.4200 7816.0 188
102.7496 7688.0 188
103.0737 7704.0 188
103.4198 7800.0 188
103.7494 7896.0 188
104.0900 7928.0 188
104.4196 8040.0 188
104.7656 8176.0 188
105.0458 8216.0 188
105.3699 8256.0 188
105.6995 8280.0 188
106.0455 8264.0 188
106.3696 8416.0 188
106.7157 9272.0 188
107.0453 9336.0 188
107.3859 9288.0 188
107.7155 9232.0 188
108.0615 9240.0 188
108.3856 9280.0 188
108.7152 9280.0 188
109.0613 9200.0 188
109.3854 9112.0 188
109.7314 8992.0 188
110.0610 9016.0 188
110.4016 9008.0 188
110.7312 8880.0 188
111.0773 8864.0 188
111.4014 8808.0 188
111.7310 8808.0 188
112.0770 8880.0 188
112.4011 8912.0 188
112.7472 8896.0 188
113.0768 8752.0 188
113.4174 8744.0 188
113.7469 8760.0 188
114.0930 8640.0 188
114.4171 8544.0 188
114.7632 8584.0 188
115.0928 8600.0 188
115.4169 8568.0 188
115.7629 8632.0 188
116.0925 8568.0 188
116.4331 8544.0 188
116.7627 8616.0 188
117.1088 8584.0 188
117.4329 8464.0 188
117.7789 8400.0 188
118.1085 8360.0 188
118.4326 8400.0 188
118.7787 8352.0 188
119.1687 8184.0 188
119.4983 8136.0 188
119.8389 8128.0 188
120.1685 8088.0 188
120.5145 8104.0 188
120.8386 8120.0 188
121.1847 8080.0 188
121.5143 8024.0 188
121.8384 8040.0 188
122.1844 8056.0 188
122.5140 7952.0 188
122.8546 7560.0 188
123.1842 7520.0 188
123.5303 7368.0 188
123.8544 7208.0 188
124.2499 5360.0 188
124.5905 5360.0 188
124.9200 5336.0 188
125.2606 5296.0 188
125.5902 5240.0 188
125.9198 5144.0 188
126.2604 5072.0 188
126.5900 5048.0 188
126.9360 5008.0 188
127.2656 4960.0 188
127.6062 4920.0 188
127.9962 4896.0 188
128.3258 4872.0 188
128.6719 4824.0 188
128.9960 4800.0 188
129.3256 4784.0 188
129.6716 4768.0 188
129.9957 4760.0 188
130.3418 4760.0 188
130.6714 4728.0 188
131.0120 4704.0 188
131.3416 4712.0 188
131.6821 4704.0 188
132.0117 4672.0 188
132.3413 4632.0 188
132.6874 4624.0 188
133.0115 4624.0 188
133.3575 4616.0 188
133.6871 4600.0 188
134.0277 4592.0 188
134.3573 4600.0 188
134.6869 4600.0 188
135.0275 4624.0 188
135.3571 4616.0 188
135.7031 4544.0 188
136.0272 4520.0 188
136.3733 4504.0 188
136.7029 4488.0 188
137.0270 4456.0 188
137.3730 4416.0 188
137.7026 4400.0 188
138.0432 4400.0 188
138.3728 4400.0 188
138.7134 4376.0 188
139.0430 4336.0 188
139.3726 4304.0 188
139.7186 4280.0 188
140.0427 4240.0 188
140.3888 4200.0 188
140.7184 4160.0 188
141.0590 4128.0 188
141.4490 4096.0 188
141.7786 4076.0 188
142.1082 4076.0 188
142.4487 4064.0 188
142.7783 4036.0 188
143.1244 4028.0 188
143.4485 4024.0 188
143.7946 4004.0 188
144.1241 3992.0 188
144.4482 3996.0 188
144.7943 4004.0 188
145.1239 3988.0 188
145.4645 3968.0 188
145.7941 3964.0 188
146.1401 3972.0 188
146.4642 3968.0 188
146.7938 3956.0 188
147.1399 3956.0 188
147.4640 3956.0 188
147.8101 3948.0 188
148.1396 3944.0 188
148.4637 3932.0 188
148.8098 3928.0 188
149.1394 3952.0 188
149.4800 3936.0 188
149.8096 3888.0 188
150.1556 3860.0 188
150.4797 3828.0 188
150.8093 3800.0 188
151.1554 3780.0 188
151.4795 3764.0 188
151.8256 3756.0 188
152.1552 3748.0 188
152.4957 3752.0 188
152.8253 3760.0 188
153.1549 3760.0 188
153.4955 3760.0 188
153.8251 3768.0 188
154.1711 3776.0 188
154.4952 3768.0 188
154.8413 3764.0 188
155.1709 3768.0 188
155.4950 3772.0 188
155.8411 3780.0 188
156.1707 3788.0 188
156.5112 3792.0 188
156.8408 3788.0 188
157.1869 3792.0 188
157.5110 3808.0 188
157.8406 3808.0 188
158.1866 3820.0 188
158.5107 3836.0 188
158.7964 4240.0 188
159.1370 4256.0 188
159.4666 4280.0 188
159.7961 4272.0 188
160.1367 4256.0 188
160.4663 4240.0 188
160.8124 4248.0 188
161.1365 4240.0 188
161.4825 4224.0 188
161.8121 4208.0 188
162.1362 4208.0 188
162.4823 4224.0 188
162.8119 4272.0 188
163.1525 4376.0 188
163.4821 4480.0 188
163.8281 4504.0 188
164.1522 4488.0 188
164.4983 4496.0 188
164.8883 3752.0 188
165.2179 3716.0 188
165.5420 3664.0 188
165.8881 3632.0 188
166.2177 3620.0 188
166.5582 3616.0 188
166.8878 3616.0 188
167.2339 3620.0 188
167.5580 3636.0 188
167.9041 3664.0 188
168.1677 4472.0 188
168.5138 4504.0 188
168.8434 4528.0 188
169.1840 4520.0 188
169.5135 4528.0 188
169.8541 4544.0 188
170.1837 4536.0 188
170.5298 4536.0 188
170.8594 4536.0 188
171.2000 4552.0 188
171.5295 4584.0 188
171.8591 4624.0 188
172.1997 4656.0 188
172.5293 4640.0 188
172.9797 3472.0 188
173.3093 3472.0 188
173.6554 3468.0 188
173.9795 3456.0 188
174.3256 3448.0 188
174.6552 3456.0 188
174.9957 3448.0 188
175.3253 3412.0 188
175.6549 3380.0 188
175.9955 3356.0 188
176.3251 3344.0 188
176.6711 3336.0 188
176.9952 3320.0 188
177.3413 3320.0 188
177.6709 3308.0 188
178.0115 3292.0 188
178.3411 3284.0 188
178.6871 3288.0 188
179.0112 3280.0 188
179.3408 3284.0 188
179.6869 3292.0 188
180.0110 3296.0 188
180.3571 3288.0 188
180.6866 3288.0 188
181.0272 3288.0 188
181.3568 3292.0 188
181.7029 3296.0 188
182.0270 3300.0 188
182.3566 3308.0 188
182.7026 3308.0 188
183.0267 3300.0 188
183.3728 3300.0 188
183.7024 3300.0 188
184.0430 3300.0 188
184.3726 3296.0 188
184.7186 3280.0 188
185.0427 3284.0 188
185.3723 3280.0 188
185.7184 3272.0 188
186.0425 3268.0 188
186.3885 3264.0 188
186.7181 3260.0 188
187.0587 3240.0 188
187.3883 3232.0 188
187.7344 3228.0 188
188.0585 3232.0 188
188.3881 3264.0 188
188.7341 3304.0 188
189.0582 3328.0 188
189.4043 3364.0 188
189.7339 3412.0 188
190.0745 3428.0 188
190.4041 3388.0 188
190.7446 3292.0 188
191.0742 3196.0 188
191.4203 3124.0 188
191.8103 3072.0 188
192.1399 3020.0 188
192.4640 2956.0 188
192.8101 2884.0 188
193.1396 2808.0 188
193.5297 2716.0 188
193.8702 2608.0 188
194.1998 2528.0 188
194.5459 2476.0 188
194.9359 2420.0 188
195.2655 2352.0 188
195.6061 2292.0 188
195.9357 2236.0 188
196.3257 2176.0 188
196.6718 2128.0 188
196.9958 2080.0 188
197.3859 2034.0 188
197.7319 1984.0 188
198.0615 1934.0 188
198.3856 1900.0 188
198.7811 1862.0 188
199.1217 1816.0 188
199.7919 1780.0 188
209.4489 147.0 188
297.4329 654.0 188
297.7625 654.0 188
298.1085 654.0 188
298.4326 654.0 188
298.7622 654.0 188
299.1083 652.0 188
299.4324 652.0 188
299.7784 652.0 188
300.1080 652.0 188
300.4486 652.0 188
300.7782 652.0 188
301.1243 652.0 188
301.4484 650.0 188
301.7944 652.0 188
302.1240 652.0 188
302.4646 654.0 188
302.7942 656.0 188
303.1403 660.0 188
303.4644 662.0 188
303.7939 662.0 188
304.1400 662.0 188
304.4641 662.0 188
304.7498 666.0 188
305.0903 670.0 188
305.4199 672.0 188
305.7605 676.0 188
306.0901 680.0 188
306.3702 684.0 188
306.7163 686.0 188
307.0459 690.0 188
307.3700 692.0 188
307.7161 694.0 188
308.0457 698.0 188
308.3862 700.0 188
308.6719 704.0 188
308.9960 706.0 188
309.3420 708.0 188
309.6716 712.0 188
310.0122 716.0 188
310.3418 720.0 188
310.6824 722.0 188
310.9515 726.0 188
311.2921 730.0 188
311.6217 734.0 188
311.9678 738.0 188
312.2919 742.0 188
312.5775 748.0 188
312.9181 750.0 188
313.2477 754.0 188
313.5938 760.0 188
313.9178 762.0 188
314.2639 766.0 188
314.5276 770.0 188
314.8737 772.0 188
315.1978 776.0 188
315.5438 780.0 188
315.8734 786.0 188
316.2140 790.0 188
316.4996 794.0 188
316.8237 798.0 188
317.1698 804.0 188
317.4994 808.0 188
317.8400 814.0 188
318.1696 818.0 188
318.4497 824.0 188
318.7793 830.0 188
319.1199 834.0 188
319.4495 838.0 188
319.7955 842.0 188
320.0757 848.0 188
320.4053 850.0 188
320.7458 854.0 188
321.0754 862.0 188
321.4215 866.0 188
321.7456 872.0 188
322.0313 880.0 188
322.3553 886.0 188
322.7014 892.0 188
323.0310 896.0 188
323.3716 902.0 188
323.7012 910.0 188
323.9813 918.0 188
324.3274 924.0 188
324.6515 930.0 188
324.9976 936.0 188
325.3271 944.0 188
325.6073 950.0 188
325.9369 958.0 188
326.2775 966.0 188
326.6071 974.0 188
326.8872 984.0 188
327.2333 992.0 188
327.5574 998.0 188
327.8870 1008.0 188
328.2330 1018.0 188
328.5132 1026.0 188
328.8428 1036.0 188
329.1833 1046.0 188
329.5129 1056.0 188
329.8425 1068.0 188
330.1227 1078.0 188
330.4688 1088.0 188
330.7928 1100.0 188
331.1389 1110.0 188
331.4191 1120.0 188
331.7487 1134.0 188
332.0728 1146.0 188
332.4188 1156.0 188
332.7484 1168.0 188
333.0286 1184.0 188
333.3746 1200.0 188
333.6987 1210.0 188
334.0448 1222.0 188
334.3085 1238.0 188
334.6545 1248.0 188
334.9841 1260.0 188
335.3247 1280.0 188
335.6049 1298.0 188
335.9344 1316.0 188
336.2805 1334.0 188
336.6046 1348.0 188
336.8903 1368.0 188
337.2144 1392.0 188
337.5604 1406.0 188
337.8900 1424.0 188
338.1702 1448.0 188
338.5107 1474.0 188
338.8403 1496.0 188
339.1699 1520.0 188
339.4501 1540.0 188
339.7961 1562.0 188
340.1202 1588.0 188
340.4663 1616.0 188
340.7300 1650.0 188
341.0760 1676.0 188
341.4056 1696.0 188
341.7462 1724.0 188
342.0758 1752.0 188
342.3560 1782.0 188
342.7020 1816.0 188
343.0261 1840.0 188
343.3557 1868.0 188
343.6359 1910.0 188
343.9819 1950.0 188
344.3115 1982.0 188
344.6521 2018.0 188
344.9323 2074.0 188
345.2618 2128.0 188
345.5914 2168.0 188
345.9375 2216.0 188
346.2177 2256.0 188
346.5417 2296.0 188
346.8878 2344.0 188
347.2174 2396.0 188
347.5580 2448.0 188
347.8271 2516.0 188
348.1677 2592.0 188
348.4973 2656.0 188
348.8434 2724.0 188
349.1235 2788.0 188
349.4531 2852.0 188
349.7937 2924.0 188
350.1233 3004.0 188
350.4529 3064.0 188
350.7330 3128.0 188
351.0736 3136.0 188
351.4032 3080.0 188
351.7932 3052.0 188
